478977
478976
478975
478974
478973
478972
477220
477219
477218
477217
477216
477215
477214
477213
477212
477211
477210
477209
477208
477207
477206
477120
477119
477118
477117
477116
477115
477114
477113
477112
477111
477110
477109
477108
477107
477106
477105
477104
477103
477102
477101
477100
477099
477098
477097
477096
477095
477094
477093
477092
477091
477090
477089
477088
477087
477086
477085
477084
477083
477082
477081
477080
477079
477078
477077
477076
477075
477074
477073
477072
477071
477070
477069
477068
477067
477066
477065
477064
477063
477062
477061
477060
477059
477058
477057
477056
477055
477054
477053
477052
477051
477050
477049
477048
477047
477046
477045
477044
477043
477042
477041
477040
477039
477038
477037
477036
477035
477034
477033
477032
477031
477030
477029
477028
477027
477026
477025
477024
477023
477022
477021
477020
477019
477018
477017
477016
477015
477014
477013
477012
477011
477010
447239
447238
447237
447236
447235
447234
447233
447232
447231
447230
447229
447228
447227
447226
447225
447224
447223
447222
447221
447220
447219
447218
447217
447216
447215
447214
447213
447212
447211
447210
447209
427041
427040
427039
427038
427037
427036
427035
427034
427033
427032
427031
427030
427029
427028
427027
427026
427025
426690
426689
426688
426687
426686
426685
426684
426683
426682
426681
426680
426679
426678
426677
426676
426675
426674
426673
426672
426671
426670
426669
426668
426667
426666
426665
426664
426663
426662
426412
426411
426410
426409
426408
426407
426406
426405
426404
426403
426402
426401
426400
426399
426398
426397
426396
426395
426394
426393
426392
426391
426390
426389
426388
426387
426386
426385
426384
426383
426382
426381
426380
426379
426378
426377
426376
426375
426374
426373
426372
426371
426370
426369
426368
426367
426366
426365
426364
426363
426362
426361
426360
426359
426358
426357
426356
426355
426354
426353
426352
426351
426350
426349
426348
426347
426346
426345
426344
426343
426342
426341
426340
426339
426338
426337
426336
426335
426334
426333
426332
426331
426330
426329
426328
426327
426326
426325
426324
426323
426322
426321
426320
426319
426318
426317
426316
426315
426314
426313
426312
426311
425864
425863
425862
425861
425860
425859
425858
425857
425856
424998
424997
424996
424995
424994
424993
424992
424991
424990
424809
424808
424807
424806
424805
424804
424803
424802
424801
424800
424799
424798
424797
424796
424795
424773
424772
424771
424770
424769
424768
424767
424766
424765
424764
424763
424762
424761
424760
424759
424758
424757
424756
424755
424754
424753
424752
424751
424750
424749
424748
424747
424746
424745
424744
424743
424742
424741
424740
424739
424738
424737
424736
424735
424734
424733
424732
424731
424730
424729
424324
424323
424322
424321
424320
424319
424318
424317
424316
424315
424314
424313
424312
424311
424310
424309
424308
424307
424306
424305
424304
424303
424302
424301
424300
424299
424298
424297
424296
424295
424294
424293
424292
424291
424290
424289
424288
424287
424286
424285
424284
424283
424282
424281
424280
424279
424278
424277
424276
424275
424274
424273
424272
424271
424270
424269
424268
424267
424266
424265
424264
424263
424262
424261
424260
424259
424258
424257
424256
424255
424254
424253
424252
424251
424250
424249
424248
424247
424246
424245
424244
424180
424179
424178
424177
424176
424175
424174
424173
424172
424171
424170
424169
424168
424167
424166
424165
424163
423849
423848
423847
423846
423845
423844
423843
423842
423841
423840
411662
411661
411660
411659
411658
411657
411656
411655
411654
411653
411652
411651
411650
411649
411648
411647
411646
411645
411644
411643
411642
411641
411640
411639
411638
411637
411636
411635
411634
411633
411632
411631
411630
411629
411628
411627
411626
411625
411624
411623
411622
411621
411620
411619
411618
411617
411616
411615
411614
411613
411612
411611
411610
411609
411608
411607
411606
411605
411604
411603
411602
411601
411600
411599
411598
411597
411596
411595
411594
411593
411592
411591
411590
411589
411588
411587
411586
411585
411584
411583
411582
411581
411580
411579
411578
411577
411576
411575
411574
411573
411572
411571
411446
411445
411444
411443
411442
411441
411440
411439
411438
411437
411436
411435
411434
411433
411432
411431
411430
411429
411428
411427
411426
411425
411424
411423
411422
411421
411420
411419
411418
411417
411416
411415
411414
411413
411412
411411
411410
411216
411215
411214
411213
411212
411211
411210
411209
411208
411207
411206
411205
411204
411203
411202
411201
411200
411199
411198
411197
411196
411195
411194
411193
411192
411191
411190
411189
411188
411187
411186
411185
411184
411183
411182
411181
411180
411179
411178
411177
411176
411175
411174
411173
411172
411171
411170
411169
411168
411167
411166
411165
411164
411163
411162
411161
411160
411159
411158
411157
411156
411155
411154
411153
411152
411151
411150
411149
411148
411147
411146
411145
411144
411143
411142
411141
411140
411139
411138
411137
411136
411135
411134
411133
411132
411131
411130
411129
411128
411127
411126
411125
411124
411123
411122
411121
410722
410721
410720
410719
410714
410713
410712
410711
410710
410709
410708
410707
410706
410705
410694
410693
410692
410691
410690
410689
410688
410687
410686
410685
410684
410659
410658
410657
410656
410655
410654
410560
410559
410552
409772
409771
409770
409532
409531
409530
409529
409528
409527
409526
409525
409524
409523
409522
409521
409520
409519
409518
409517
409516
409515
409514
409513
409512
409511
409510
409509
409508
409507
409506
409505
409504
409503
409502
409501
409500
409499
409498
409497
409496
409495
409494
409493
409492
409491
409490
409489
409488
409487
409486
409485
409484
409483
409482
409481
409480
409479
409478
409477
409476
409475
409474
409473
409472
409471
409470
409469
409468
409467
409466
409465
409464
409463
409462
409461
409460
409459
409458
409457
409456
409455
409454
409453
409452
408788
408724
373718
373717
373716
373607
373606
373605
373604
373603
373602
373601
373600
373599
373598
373597
373596
373595
373594
373593
373592
373591
373590
373589
373588
373587
373586
373585
373584
373583
373582
373581
373580
373579
373578
373577
373576
373575
373574
373573
373572
373571
373570
373569
373568
373567
373566
373565
373564
373563
373562
373561
373560
373559
373558
373557
373556
373555
373554
373553
373552
373551
373550
373549
373548
373547
373546
373545
373544
373543
373542
373541
373540
373539
373538
373537
373536
373535
373534
373533
373532
373531
373530
373529
373528
373527
373526
373525
373524
373523
373522
373521
373520
373519
373518
373517
373516
373515
373514
373513
373512
373511
373510
373509
373508
373507
373506
373505
373504
373503
373502
373501
373500
373499
373498
373497
373496
373495
373494
373493
373492
373491
373490
373489
373488
373487
373486
373485
373484
373483
373482
373481
373480
373479
373478
373477
373476
373475
373474
373473
373472
373471
373470
373469
373468
373467
373466
373465
373464
373463
373462
373461
373460
373459
373458
373457
373456
373455
373454
373453
373452
373451
373450
373449
373448
373447
373446
373445
373444
373443
373442
373441
373440
373439
373438
373437
373436
373435
373434
373433
373432
373431
373430
373429
373428
373427
373426
373425
373424
373423
373422
373421
373420
373419
373418
373417
373416
373415
373414
373413
373412
373411
373410
373409
373408
373407
373406
373405
373404
373403
373402
373401
373400
373399
373398
373397
373396
373395
373394
373393
373392
373391
373390
373389
373388
373387
373386
373385
373384
373383
373382
373381
373380
373379
373378
373377
373376
373375
373374
373373
373372
373371
373370
373369
373368
373367
373366
373365
373282
373281
373280
373279
373195
373061
373060
372895
372864
372650
372649
372648
372647
372646
372645
372644
372643
372642
372641
372640
372639
372638
372637
372636
372635
372634
372633
372632
372631
372630
372629
372628
372627
372626
372625
372624
372623
372622
372621
372620
372619
372618
372617
372616
372615
372614
372613
372612
372611
372610
372609
372608
372569
372568
372567
372566
372565
372564
372563
372562
372561
372560
372559
372558
372557
372556
372555
372554
372553
372552
372551
372550
372549
372548
372547
372546
372545
372544
372543
372542
372541
372540
372539
372538
372537
372536
372535
372534
372533
372532
372531
372530
372529
372528
372527
372526
372525
372524
372523
372522
372521
372520
372519
372518
372517
372516
372515
372514
372513
372512
372511
372510
372509
372508
372507
372506
372505
372504
372503
372502
372501
372500
372499
372498
372497
372496
372495
372494
372493
372492
372491
372490
372489
372488
372487
372486
372485
372484
372483
372482
372481
372480
372479
372478
372477
372476
372475
372474
372473
372472
372471
372470
372469
372468
372467
372466
372465
372464
372463
372462
372461
372460
372459
372458
372457
372456
372455
372454
372453
372452
372451
372450
372449
372448
372447
372446
372445
372444
372443
372442
372441
372440
372439
372438
372437
372436
372435
372434
372433
372432
372431
372430
372429
372428
372427
372426
372425
372424
372423
372422
372421
372420
372419
372418
372417
372416
372415
372414
372413
372412
372411
372410
372409
372408
372407
372406
372405
372404
372403
372402
372401
372400
372399
372398
372397
372396
372395
372394
372393
372392
372391
372390
372389
372388
372387
372386
372385
372384
372383
372382
372381
372380
372379
372378
372377
372376
372375
372374
372373
372372
372371
372370
372369
372368
372367
372366
372365
372364
372363
372362
372361
372360
372359
372358
372357
372356
372355
372354
372353
372352
372351
372350
372349
372348
372347
372346
372345
372344
372343
372342
372341
372340
372339
372338
372337
372336
372335
372334
372333
372332
372331
372330
372329
372328
372327
372326
372325
372324
372323
372322
372321
372320
372319
372318
372317
372316
372315
372314
372313
372312
372311
372310
372309
372308
372307
372306
372305
372304
372303
372302
372301
372300
372299
372298
372297
372296
372295
372294
372293
372292
372291
372290
372289
372288
372287
372286
372285
372284
372283
372282
372281
372280
372279
372278
372277
372276
372275
372274
372273
372272
372271
372270
372269
372268
372267
372266
372265
372264
372263
372262
372261
372260
372259
372258
372257
372256
372255
372254
372253
372252
372251
372250
372249
372248
372247
372246
372245
372244
372243
372242
372241
372240
372239
372238
372237
372236
372235
372234
372233
372232
372231
372230
372229
372228
372227
372226
372225
372224
372223
372222
372221
372220
372219
372218
372217
372216
372215
372214
372213
372212
372211
372210
372209
372208
372207
372206
372205
372204
372203
372202
372201
372200
372199
372198
372197
372196
372195
372194
372193
372192
372191
372190
372189
372188
372187
372186
372185
372184
372183
372182
372181
372180
372179
372178
372177
372176
372175
372174
372173
372172
372171
372170
372169
372168
372167
372166
372165
259147
259146
259145
259082
256762
256760
251060
251055
251054
251048
251047
251044
250761
250760
250684
