Sample	Assigned	Unassigned_Unmapped	Unassigned_NoFeatures	Unassigned_Ambiguity
SRR516201	23591865.0	581283.0	1563533.0	340748.0
SRR516795	27005057.0	747588.0	1853586.0	380505.0
SRR516796	28798232.0	780732.0	1882833.0	416671.0
SRR516797	36167066.0	846083.0	2436514.0	498592.0
SRR516798	25903566.0	681808.0	1800384.0	365062.0
SRR516810	25507530.0	615571.0	1681282.0	354038.0
SRR516812	24874950.0	794963.0	1705000.0	355580.0
SRR516813	25231557.0	635414.0	1645838.0	357979.0
SRR516814	27171844.0	699253.0	1885991.0	401692.0
SRR516815	35068188.0	1378006.0	2895364.0	481724.0
SRR516816	23106128.0	1633415.0	1541353.0	322103.0
SRR516817	25847594.0	1006682.0	1699906.0	426658.0
SRR516818	23257799.0	734288.0	1687841.0	334724.0
SRR611202	25083550.0	783593.0	1711004.0	360755.0
SRR611203	23621028.0	865701.0	1614091.0	337086.0
SRR611204	28730213.0	716691.0	2006752.0	390305.0
SRR611205	24292260.0	631623.0	1619293.0	348822.0
SRR611206	24755203.0	978445.0	1626409.0	365728.0
SRR611207	27675426.0	862269.0	1825799.0	407558.0
SRR611208	30025858.0	837177.0	1865679.0	421204.0
SRR611209	18845865.0	551239.0	1236650.0	259279.0
SRR611210	28562141.0	1313995.0	1665878.0	387165.0
SRR611211	23637086.0	797034.0	1605096.0	340900.0
SRR611212	21638062.0	567705.0	1438714.0	312810.0
SRR611213	22749390.0	660229.0	1550795.0	334051.0
SRR611214	29099162.0	765631.0	1848984.0	440996.0
SRR611215	25259233.0	606399.0	1654280.0	356213.0
SRR611216	29915343.0	681631.0	1930868.0	434408.0
SRR611217	30805779.0	735520.0	2035960.0	432278.0
SRR611218	27627450.0	704243.0	1874517.0	376407.0
SRR611219	26014063.0	627785.0	1714080.0	382258.0
SRR611220	28514530.0	654601.0	1836704.0	412785.0
SRR611221	31779772.0	757321.0	2085710.0	456175.0
SRR611243	27280566.0	648609.0	1741397.0	388608.0
SRR611246	20138310.0	457342.0	1278290.0	294889.0
SRR611247	32379044.0	672406.0	2086023.0	454836.0
SRR611252	25258476.0	773961.0	1863410.0	378001.0
SRR611253	25643931.0	867112.0	1706535.0	370894.0
SRR611259	27567380.0	566625.0	1845784.0	383812.0
SRR611262	25549582.0	619476.0	1723780.0	356476.0
SRR611264	23071150.0	580441.0	1623460.0	313774.0
SRR611265	26889029.0	626943.0	1841636.0	376506.0
SRR611266	30793079.0	750696.0	2092308.0	423600.0
SRR611268	23865697.0	639738.0	1661492.0	333422.0
SRR611269	26833839.0	1006122.0	1727886.0	378693.0
SRR611270	35216380.0	998116.0	2366588.0	482820.0
SRR611271	30331501.0	877828.0	2097856.0	441951.0
SRR611272	18096724.0	463921.0	1168775.0	264561.0
SRR611273	25271238.0	619486.0	1708237.0	351626.0
SRR611274	26428371.0	1074011.0	1843168.0	363442.0
SRR611275	26830530.0	628092.0	1745916.0	375326.0
SRR611276	23754126.0	613406.0	1708080.0	335222.0
SRR611277	26315713.0	703324.0	1799037.0	380823.0
SRR611278	22371526.0	826716.0	1480416.0	319562.0
SRR611287	22732113.0	530926.0	1609467.0	320844.0
SRR611288	31385934.0	715380.0	2124119.0	460771.0
SRR611289	29517130.0	855677.0	2010592.0	409026.0
SRR611290	30106461.0	757410.0	2087574.0	406073.0
SRR611291	27975154.0	821735.0	1905765.0	399113.0
SRR611292	23286463.0	1063049.0	1575535.0	322537.0
SRR611293	24725705.0	600038.0	1737481.0	328278.0
SRR611294	15765322.0	327392.0	1052984.0	218295.0
SRR611295	29653320.0	871918.0	2062208.0	419765.0
SRR611296	30179023.0	907083.0	2104185.0	420486.0
SRR611297	24109930.0	670723.0	1782116.0	343362.0
SRR611298	28042480.0	618053.0	1804722.0	374235.0
SRR611299	23768640.0	774774.0	1653458.0	333516.0
SRR611300	25194935.0	733785.0	1669562.0	359617.0
SRR611301	26728586.0	1117618.0	1833270.0	377033.0
SRR611302	32581558.0	776014.0	2258239.0	455070.0
SRR611303	27473912.0	847300.0	1874504.0	379205.0
SRR611304	27900375.0	1097236.0	1896180.0	387832.0
SRR611305	24945741.0	2303606.0	1769960.0	356042.0
SRR611306	14219558.0	2324546.0	993570.0	204033.0
SRR611307	32154261.0	903736.0	2233203.0	450060.0
SRR611308	27889871.0	929710.0	1931396.0	388722.0
SRR611309	25394795.0	678559.0	1695338.0	367258.0
SRR611310	27593046.0	844259.0	1942904.0	390724.0
SRR611311	33024420.0	1001306.0	2332314.0	479391.0
SRR611312	16294780.0	504509.0	1135448.0	246428.0
SRR611313	25508109.0	850791.0	1660984.0	362744.0
SRR611314	25863704.0	843250.0	1704110.0	340148.0
SRR611315	29441387.0	1116767.0	2067433.0	422913.0
SRR611316	26801498.0	861669.0	1858174.0	382645.0
SRR611317	24677503.0	917477.0	1678296.0	350370.0
SRR611318	27196916.0	571173.0	1807453.0	384271.0
SRR611319	26106339.0	677078.0	1863091.0	368209.0
SRR611320	23662201.0	579183.0	1642265.0	328809.0
SRR611321	27355919.0	673575.0	1833481.0	382100.0
SRR611322	26083060.0	701830.0	1835441.0	375964.0
SRR611323	24732025.0	2762287.0	1707623.0	347042.0
SRR611324	33383767.0	804207.0	2363678.0	467712.0
SRR611325	32510946.0	1301081.0	2181189.0	470631.0
SRR611326	29512504.0	943261.0	1934666.0	405486.0
SRR611327	19756995.0	502985.0	1369032.0	287560.0
SRR611328	16968314.0	481569.0	1104094.0	236560.0
SRR611329	30391359.0	744075.0	1975115.0	421648.0
SRR611330	25839494.0	627099.0	1721236.0	361353.0
SRR611331	26551441.0	840818.0	1718281.0	372688.0
SRR611332	28065403.0	717968.0	1888698.0	385072.0
SRR611333	22728456.0	846935.0	1593803.0	346592.0
SRR611334	29596343.0	799696.0	2062067.0	406767.0
SRR611335	27528766.0	761252.0	1869484.0	387075.0
SRR611336	19695900.0	573549.0	1333961.0	280141.0
SRR611337	16179507.0	423964.0	1070893.0	237534.0
SRR611338	24853812.0	490997.0	1608148.0	357700.0
SRR611339	26791120.0	914072.0	1841543.0	369987.0
SRR650904	19634219.0	31196.0	1321590.0	288460.0
SRR650905	22495626.0	38166.0	1552670.0	320670.0
SRR650906	30084807.0	49133.0	2053290.0	424877.0
SRR650907	23901740.0	41408.0	1572063.0	348879.0
SRR650908	21497396.0	37003.0	1510139.0	308098.0
SRR650909	21098850.0	23511.0	1422019.0	310882.0
SRR650910	21165869.0	35945.0	1403560.0	299690.0
SRR650911	20599169.0	35334.0	1423989.0	298148.0
SRR650912	20886931.0	33895.0	1373101.0	301372.0
SRR650913	22502526.0	36370.0	1580662.0	339932.0
SRR650914	19006439.0	30280.0	1282680.0	268361.0
SRR650915	21362500.0	33963.0	1422299.0	362928.0
SRR650916	19097915.0	32452.0	1393612.0	281858.0
SRR650917	20615788.0	32101.0	1422042.0	302275.0
SRR650918	19469349.0	29008.0	1354294.0	281693.0
SRR650919	28678628.0	56123.0	2385014.0	390141.0
SRR650920	24080564.0	38398.0	1704850.0	333955.0
SRR650921	20081649.0	34279.0	1340864.0	292694.0
SRR650922	20316745.0	33538.0	1347392.0	306518.0
SRR650923	22617341.0	37012.0	1501343.0	338110.0
SRR650924	24919788.0	38720.0	1581137.0	359221.0
SRR650925	29399396.0	54180.0	1928961.0	412060.0
SRR650926	23585081.0	39492.0	1376687.0	328804.0
SRR650927	30885897.0	57371.0	2092381.0	446376.0
SRR650928	25347541.0	38405.0	1710414.0	378184.0
SRR650929	19502002.0	35441.0	1331652.0	283096.0
SRR650930	17910294.0	31803.0	1200700.0	262095.0
SRR650931	18844032.0	36418.0	1313473.0	289790.0
SRR650932	18833917.0	30618.0	1296627.0	282074.0
SRR650933	24039121.0	38662.0	1537514.0	370557.0
SRR650934	20887679.0	33488.0	1383726.0	302185.0
SRR650935	24852534.0	37410.0	1635034.0	363643.0
SRR650936	25526625.0	40061.0	1712139.0	367098.0
SRR650937	23147178.0	37995.0	1591740.0	321107.0
SRR650938	21645739.0	32205.0	1455284.0	320075.0
SRR650939	23719072.0	35173.0	1556491.0	346974.0
SRR650940	26316328.0	40607.0	1743407.0	386235.0
SRR650941	22629047.0	33908.0	1468290.0	328820.0
SRR650942	16757571.0	25538.0	1082866.0	250135.0
SRR650943	26967111.0	38908.0	1771588.0	387209.0
SRR650944	21061974.0	32225.0	1572427.0	321202.0
SRR650945	21081858.0	37232.0	1402056.0	310445.0
SRR650946	22956694.0	32147.0	1580956.0	324685.0
SRR650947	21189628.0	32945.0	1446447.0	302749.0
SRR650948	19077839.0	32285.0	1358083.0	262252.0
SRR650949	22334427.0	35265.0	1542056.0	318908.0
SRR650950	25827145.0	42666.0	1783083.0	364157.0
SRR650951	19864194.0	34967.0	1387649.0	279599.0
SRR650952	22081901.0	40576.0	1421042.0	316272.0
SRR650953	29464298.0	51230.0	1991149.0	408252.0
SRR650954	26698332.0	42701.0	1776036.0	384162.0
SRR650955	25401306.0	43769.0	1777654.0	372736.0
SRR650956	15213280.0	25308.0	983456.0	227708.0
SRR650957	21209078.0	32556.0	1458326.0	301290.0
SRR650958	22133166.0	41965.0	1546275.0	306790.0
SRR650959	22329806.0	33559.0	1480739.0	316394.0
SRR650960	19748868.0	32553.0	1427012.0	284312.0
SRR650961	21871718.0	34802.0	1513615.0	322917.0
SRR650962	18677489.0	30388.0	1265479.0	270156.0
SRR650963	18875781.0	28886.0	1359447.0	271811.0
SRR650964	26137627.0	39491.0	1793398.0	393674.0
SRR650965	24754529.0	38474.0	1701711.0	350306.0
SRR650966	24944370.0	42531.0	1752673.0	341843.0
SRR650967	23564827.0	35668.0	1640326.0	341247.0
SRR650968	19327099.0	36375.0	1315050.0	272932.0
SRR650969	20802770.0	34316.0	1484376.0	281908.0
SRR650970	13131642.0	20011.0	887167.0	184832.0
SRR650971	24505131.0	43235.0	1699860.0	354189.0
SRR650972	25025588.0	41628.0	1765710.0	354782.0
SRR650973	20177413.0	33921.0	1507087.0	295098.0
SRR650974	23486583.0	36920.0	1533047.0	318059.0
SRR650975	19805566.0	35470.0	1377120.0	281927.0
SRR650976	20891309.0	33412.0	1407212.0	304387.0
SRR650977	22261727.0	38561.0	1560942.0	319713.0
SRR650978	27295369.0	45998.0	1915129.0	387212.0
SRR650979	22900860.0	38947.0	1578276.0	321413.0
SRR650980	23347514.0	37852.0	1595584.0	332643.0
SRR650981	20864489.0	49539.0	1470392.0	301004.0
SRR650982	11787510.0	44866.0	806114.0	172057.0
SRR650983	26906346.0	43231.0	1894689.0	382628.0
SRR650984	23122693.0	43618.0	1602270.0	324516.0
SRR650985	21188670.0	37257.0	1410663.0	312854.0
SRR650986	23039324.0	38954.0	1635759.0	328937.0
SRR650987	24695027.0	42218.0	1737088.0	342962.0
SRR650988	27569915.0	47775.0	1956376.0	405689.0
SRR650989	13673894.0	26250.0	943672.0	209239.0
SRR650990	21317808.0	34898.0	1404875.0	306866.0
SRR650991	21586300.0	37163.0	1429558.0	285473.0
SRR650992	24733296.0	38479.0	1767928.0	360961.0
SRR650993	22411899.0	40798.0	1559118.0	324879.0
SRR650994	20529982.0	35790.0	1404526.0	293076.0
SRR650995	22902703.0	34158.0	1553111.0	331718.0
SRR650996	21840316.0	35013.0	1579611.0	315331.0
SRR650997	19788953.0	33080.0	1385685.0	281077.0
SRR650998	22856992.0	37838.0	1542490.0	325441.0
SRR650999	21823144.0	35425.0	1546412.0	322116.0
SRR651000	20530633.0	61282.0	1405335.0	292787.0
SRR651001	27988196.0	45945.0	2009401.0	400677.0
SRR651002	27183550.0	48176.0	1839421.0	396669.0
SRR651003	24360318.0	39793.0	1605902.0	342585.0
SRR651004	16503508.0	27659.0	1143677.0	245743.0
SRR651005	14245435.0	24951.0	921636.0	202837.0
SRR651006	25335471.0	42567.0	1665133.0	359990.0
SRR651007	21571619.0	35051.0	1456132.0	308016.0
SRR651008	21931145.0	36095.0	1428092.0	311095.0
SRR651009	23472960.0	37076.0	1603115.0	326068.0
SRR651010	21765616.0	50258.0	1456711.0	301140.0
