Sample	Uniquely mapped	Mapped to multiple loci	Mapped to too many loci	Unmapped: too short	Unmapped: other
SRR516201	25496146.0	1492143.0	201950.0	337800.0	41533.0
SRR516795	29239148.0	1728407.0	252721.0	444111.0	50756.0
SRR516796	31097736.0	1842940.0	214888.0	515322.0	50522.0
SRR516797	39102172.0	2368423.0	294856.0	483902.0	67325.0
SRR516798	28069012.0	1727117.0	241787.0	385018.0	55003.0
SRR516810	27542850.0	1668987.0	216883.0	348108.0	50580.0
SRR516812	26935530.0	1603076.0	274639.0	464784.0	55540.0
SRR516813	27235374.0	1551210.0	233311.0	360710.0	41393.0
SRR516814	29459527.0	1692597.0	265970.0	382309.0	50974.0
SRR516815	38445276.0	2237762.0	518123.0	750825.0	109058.0
SRR516816	24969584.0	1362188.0	225767.0	1368469.0	39179.0
SRR516817	27974158.0	1438657.0	158153.0	821157.0	27372.0
SRR516818	25280364.0	1459443.0	239831.0	447758.0	46699.0
SRR611202	27155309.0	1512077.0	226711.0	509739.0	47143.0
SRR611203	25572205.0	1391468.0	233684.0	590254.0	41763.0
SRR611204	31127270.0	1922518.0	287864.0	354542.0	74285.0
SRR611205	26260375.0	1492506.0	245120.0	341032.0	45471.0
SRR611206	26747340.0	1487723.0	282979.0	648712.0	46754.0
SRR611207	29908783.0	1672828.0	292889.0	523830.0	45550.0
SRR611208	32312741.0	1849633.0	397303.0	373013.0	66861.0
SRR611209	20341794.0	1245262.0	215384.0	291371.0	44484.0
SRR611210	30615184.0	1746966.0	539202.0	697314.0	77479.0
SRR611211	25583082.0	1494318.0	351217.0	387304.0	58513.0
SRR611212	23389586.0	1350564.0	228796.0	295913.0	42996.0
SRR611213	24634236.0	1426867.0	275181.0	331569.0	53479.0
SRR611214	31389142.0	1750775.0	263917.0	454255.0	47459.0
SRR611215	27269726.0	1564346.0	241867.0	314556.0	49976.0
SRR611216	32280619.0	1802368.0	280247.0	346021.0	55363.0
SRR611217	33274017.0	1923872.0	262964.0	415276.0	57280.0
SRR611218	29878374.0	1832848.0	275513.0	363771.0	64959.0
SRR611219	28110401.0	1564838.0	265908.0	310611.0	51266.0
SRR611220	30764019.0	1725206.0	266382.0	338447.0	49772.0
SRR611221	34321657.0	1990353.0	254341.0	450819.0	52161.0
SRR611243	29410571.0	1638434.0	268042.0	329825.0	50742.0
SRR611246	21711489.0	1197552.0	198507.0	223857.0	34978.0
SRR611247	34919903.0	1940378.0	271874.0	344383.0	56149.0
SRR611252	27499887.0	1579415.0	346938.0	361327.0	65696.0
SRR611253	27721360.0	1653862.0	312286.0	500253.0	54573.0
SRR611259	29796976.0	1655413.0	198806.0	323041.0	44778.0
SRR611262	27629838.0	1604811.0	235472.0	333399.0	50605.0
SRR611264	25008384.0	1471864.0	205198.0	329017.0	46226.0
SRR611265	29107171.0	1645516.0	237042.0	342736.0	47165.0
SRR611266	33308987.0	2080888.0	301160.0	381207.0	68329.0
SRR611268	25860611.0	1651925.0	215275.0	367868.0	56595.0
SRR611269	28940418.0	1778734.0	293411.0	655694.0	57017.0
SRR611270	38065788.0	2369710.0	402699.0	503814.0	91603.0
SRR611271	32871308.0	2061993.0	367316.0	435014.0	75498.0
SRR611272	19530060.0	1203890.0	180542.0	243198.0	40181.0
SRR611273	27331101.0	1652023.0	202674.0	366558.0	50254.0
SRR611274	28634981.0	1804616.0	471828.0	507599.0	94584.0
SRR611275	28951772.0	1611509.0	265208.0	312831.0	50053.0
SRR611276	25797428.0	1514983.0	248420.0	317257.0	47729.0
SRR611277	28495573.0	1678004.0	263835.0	386874.0	52615.0
SRR611278	24171504.0	1415052.0	343990.0	419418.0	63308.0
SRR611287	24662424.0	1416421.0	167849.0	323032.0	40045.0
SRR611288	33970824.0	1909246.0	259185.0	401452.0	54743.0
SRR611289	31936748.0	1991529.0	317051.0	469126.0	69500.0
SRR611290	32600108.0	1992384.0	284349.0	413046.0	60015.0
SRR611291	30280032.0	1752550.0	398980.0	350657.0	72098.0
SRR611292	25184535.0	1543347.0	427038.0	563800.0	72211.0
SRR611293	26791464.0	1677790.0	247681.0	288817.0	63540.0
SRR611294	17036601.0	981888.0	110990.0	190508.0	25894.0
SRR611295	32135293.0	2068290.0	230258.0	578546.0	63114.0
SRR611296	32703694.0	2002843.0	295856.0	540154.0	71073.0
SRR611297	26235408.0	1596015.0	244699.0	369221.0	56803.0
SRR611298	30221437.0	1867523.0	238193.0	320916.0	58944.0
SRR611299	25755614.0	1590933.0	312778.0	400021.0	61975.0
SRR611300	27224114.0	1616591.0	257102.0	426350.0	50333.0
SRR611301	28938889.0	1677787.0	661283.0	351758.0	104577.0
SRR611302	35294867.0	2203738.0	287277.0	419467.0	69270.0
SRR611303	29727621.0	1828697.0	338208.0	437754.0	71338.0
SRR611304	30184387.0	1761523.0	341356.0	692890.0	62990.0
SRR611305	27071743.0	1711967.0	1470822.0	599729.0	233055.0
SRR611306	15417161.0	1015540.0	1819935.0	281382.0	223229.0
SRR611307	34837524.0	2171624.0	386013.0	430806.0	86917.0
SRR611308	30209989.0	1949764.0	361549.0	485579.0	82582.0
SRR611309	27457391.0	1713424.0	246398.0	378141.0	54020.0
SRR611310	29926674.0	1883040.0	350725.0	415092.0	78442.0
SRR611311	35836125.0	2210016.0	375685.0	543508.0	82113.0
SRR611312	17676656.0	1117872.0	206012.0	254204.0	44293.0
SRR611313	27531837.0	1592081.0	306530.0	487129.0	57132.0
SRR611314	27907962.0	1744759.0	386054.0	384045.0	73151.0
SRR611315	31931733.0	1931718.0	275952.0	777754.0	63061.0
SRR611316	29042317.0	1812558.0	396349.0	386184.0	79136.0
SRR611317	26706169.0	1628744.0	236030.0	628803.0	52644.0
SRR611318	29388640.0	1758232.0	214319.0	305875.0	50979.0
SRR611319	28337639.0	1757990.0	267024.0	348392.0	61662.0
SRR611320	25633275.0	1583322.0	207940.0	323791.0	47452.0
SRR611321	29571500.0	1822975.0	224930.0	397002.0	51643.0
SRR611322	28294465.0	1759127.0	267030.0	370499.0	64301.0
SRR611323	26786690.0	1654869.0	2053237.0	443547.0	265503.0
SRR611324	36215157.0	2202383.0	278077.0	452082.0	74048.0
SRR611325	35162766.0	2153734.0	372296.0	855256.0	73529.0
SRR611326	31852656.0	1875490.0	277288.0	613944.0	52029.0
SRR611327	21413587.0	1322352.0	160103.0	305814.0	37068.0
SRR611328	18308968.0	1125415.0	191943.0	249678.0	39948.0
SRR611329	32788122.0	2011610.0	260597.0	423043.0	60435.0
SRR611330	27922083.0	1709670.0	206601.0	369070.0	51428.0
SRR611331	28642410.0	1678466.0	259190.0	531863.0	49765.0
SRR611332	30339173.0	1868952.0	273847.0	381615.0	62506.0
SRR611333	24668851.0	1530756.0	348451.0	428046.0	70438.0
SRR611334	32065177.0	1977515.0	297040.0	432843.0	69813.0
SRR611335	29785325.0	1816068.0	301718.0	391575.0	67959.0
SRR611336	21310002.0	1332415.0	226748.0	302578.0	44223.0
SRR611337	17487934.0	987411.0	149405.0	242590.0	31969.0
SRR611338	26819660.0	1499441.0	234817.0	204368.0	51812.0
SRR611339	29002650.0	1940895.0	273491.0	580029.0	60552.0
SRR650904	21244269.0	329482.0	1750.0	29446.0	0.0
SRR650905	24368966.0	381047.0	2131.0	36035.0	0.0
SRR650906	32562974.0	532665.0	2561.0	46572.0	0.0
SRR650907	25822682.0	412059.0	1815.0	39593.0	0.0
SRR650908	23315633.0	388672.0	2230.0	34773.0	0.0
SRR650909	22831751.0	311209.0	2068.0	21443.0	0.0
SRR650910	22869119.0	378655.0	1907.0	34038.0	0.0
SRR650911	22321306.0	353148.0	2518.0	32816.0	0.0
SRR650912	22561404.0	356220.0	2367.0	31528.0	0.0
SRR650913	24423120.0	382069.0	2608.0	33762.0	0.0
SRR650914	20557480.0	311507.0	2159.0	28121.0	0.0
SRR650915	23147727.0	342327.0	1542.0	32421.0	0.0
SRR650916	20773385.0	329542.0	2436.0	30016.0	0.0
SRR650917	22340105.0	345335.0	2262.0	29839.0	0.0
SRR650918	21105336.0	312324.0	2080.0	26928.0	0.0
SRR650919	31453783.0	491693.0	4484.0	51639.0	0.0
SRR650920	26119369.0	413853.0	2411.0	35987.0	0.0
SRR650921	21715207.0	336663.0	2487.0	31792.0	0.0
SRR650922	21970655.0	338244.0	2887.0	30651.0	0.0
SRR650923	24456794.0	382362.0	2849.0	34163.0	0.0
SRR650924	26860146.0	413742.0	3719.0	35001.0	0.0
SRR650925	31740417.0	527828.0	2982.0	51198.0	0.0
SRR650926	25290572.0	392560.0	4871.0	34621.0	0.0
SRR650927	33424654.0	559678.0	3180.0	54191.0	0.0
SRR650928	27436139.0	420627.0	2087.0	36318.0	0.0
SRR650929	21116750.0	334559.0	3203.0	32238.0	0.0
SRR650930	19373089.0	307644.0	2122.0	29681.0	0.0
SRR650931	20447295.0	332875.0	3247.0	33171.0	0.0
SRR650932	20412618.0	322479.0	2416.0	28202.0	0.0
SRR650933	25947192.0	412283.0	2312.0	36350.0	0.0
SRR650934	22573590.0	358322.0	2158.0	31330.0	0.0
SRR650935	26851211.0	412783.0	2275.0	35135.0	0.0
SRR650936	27605862.0	433846.0	2159.0	37902.0	0.0
SRR650937	25060025.0	394285.0	2360.0	35635.0	0.0
SRR650938	23421098.0	354620.0	2188.0	30017.0	0.0
SRR650939	25622537.0	389512.0	2264.0	32909.0	0.0
SRR650940	28445970.0	456382.0	2353.0	38254.0	0.0
SRR650941	24426157.0	376077.0	2499.0	31409.0	0.0
SRR650942	18090572.0	275169.0	1731.0	23807.0	0.0
SRR650943	29125908.0	439597.0	2440.0	36468.0	0.0
SRR650944	22955603.0	339730.0	3058.0	29167.0	0.0
SRR650945	22794359.0	378636.0	2644.0	34588.0	0.0
SRR650946	24862335.0	375581.0	1620.0	30527.0	0.0
SRR650947	22938824.0	360618.0	2012.0	30933.0	0.0
SRR650948	20698174.0	332215.0	1688.0	30597.0	0.0
SRR650949	24195391.0	374687.0	1909.0	33356.0	0.0
SRR650950	27974385.0	450344.0	2513.0	40153.0	0.0
SRR650951	21531442.0	358259.0	1827.0	33140.0	0.0
SRR650952	23819215.0	396805.0	2815.0	37761.0	0.0
SRR650953	31863699.0	514621.0	3488.0	47742.0	0.0
SRR650954	28858530.0	440980.0	3561.0	39140.0	0.0
SRR650955	27551696.0	434891.0	3705.0	40064.0	0.0
SRR650956	16424444.0	265405.0	1640.0	23668.0	0.0
SRR650957	22968694.0	355783.0	1744.0	30812.0	0.0
SRR650958	23986231.0	387654.0	4205.0	37760.0	0.0
SRR650959	24126939.0	368073.0	2139.0	31420.0	0.0
SRR650960	21460192.0	336012.0	1989.0	30564.0	0.0
SRR650961	23708250.0	371644.0	2490.0	32312.0	0.0
SRR650962	20213124.0	307512.0	3290.0	27098.0	0.0
SRR650963	20507039.0	331621.0	1406.0	27480.0	0.0
SRR650964	28324699.0	443998.0	2140.0	37351.0	0.0
SRR650965	26806546.0	426420.0	2734.0	35740.0	0.0
SRR650966	27038886.0	431682.0	2735.0	39796.0	0.0
SRR650967	25546400.0	376532.0	3793.0	31875.0	0.0
SRR650968	20915081.0	338633.0	3941.0	32434.0	0.0
SRR650969	22569054.0	360324.0	2077.0	32239.0	0.0
SRR650970	14203641.0	220836.0	879.0	19132.0	0.0
SRR650971	26559180.0	446041.0	2094.0	41141.0	0.0
SRR650972	27146080.0	439115.0	2655.0	38973.0	0.0
SRR650973	21979598.0	340205.0	2465.0	31456.0	0.0
SRR650974	25337689.0	400322.0	1938.0	34982.0	0.0
SRR650975	21464613.0	342573.0	3003.0	32467.0	0.0
SRR650976	22602908.0	360760.0	2329.0	31083.0	0.0
SRR650977	24142382.0	370390.0	6166.0	32395.0	0.0
SRR650978	29597710.0	473469.0	2425.0	43573.0	0.0
SRR650979	24800549.0	391615.0	2840.0	36107.0	0.0
SRR650980	25275741.0	378245.0	3038.0	34814.0	0.0
SRR650981	22635885.0	352591.0	13112.0	36427.0	0.0
SRR650982	12765681.0	199003.0	17386.0	27480.0	0.0
SRR650983	29183663.0	455296.0	3325.0	39906.0	0.0
SRR650984	25049479.0	421238.0	3109.0	40509.0	0.0
SRR650985	22912187.0	373986.0	2024.0	35233.0	0.0
SRR650986	25004020.0	402464.0	3165.0	35789.0	0.0
SRR650987	26775077.0	430845.0	2755.0	39463.0	0.0
SRR650988	29931980.0	474183.0	3421.0	44354.0	0.0
SRR650989	14826805.0	240835.0	1901.0	24349.0	0.0
SRR650990	23029549.0	347982.0	2860.0	32038.0	0.0
SRR650991	23301331.0	368831.0	3541.0	33622.0	0.0
SRR650992	26862185.0	408064.0	2615.0	35864.0	0.0
SRR650993	24295896.0	394349.0	3209.0	37589.0	0.0
SRR650994	22227584.0	359417.0	2171.0	33619.0	0.0
SRR650995	24787532.0	380656.0	1873.0	32285.0	0.0
SRR650996	23735258.0	377517.0	2307.0	32706.0	0.0
SRR650997	21455715.0	337547.0	1654.0	31426.0	0.0
SRR650998	24724923.0	390105.0	1798.0	36040.0	0.0
SRR650999	23691672.0	378633.0	2067.0	33358.0	0.0
SRR651000	22228755.0	359919.0	19533.0	41749.0	0.0
SRR651001	30398274.0	477155.0	2226.0	43719.0	0.0
SRR651002	29419640.0	462682.0	3264.0	44912.0	0.0
SRR651003	26308805.0	420325.0	2756.0	37037.0	0.0
SRR651004	17892928.0	285243.0	1247.0	26412.0	0.0
SRR651005	15369908.0	245397.0	1593.0	23358.0	0.0
SRR651006	27360594.0	444640.0	2118.0	40449.0	0.0
SRR651007	23335767.0	370685.0	1775.0	33276.0	0.0
SRR651008	23670332.0	373017.0	2542.0	33553.0	0.0
SRR651009	25402143.0	392934.0	2316.0	34760.0	0.0
SRR651010	23523467.0	437536.0	2759.0	47499.0	0.0
