Sample	total_reads	avg_input_read_length	uniquely_mapped	uniquely_mapped_percent	avg_mapped_read_length	num_splices	num_annotated_splices	num_GTAG_splices	num_GCAG_splices	num_ATAC_splices	num_noncanonical_splices	mismatch_rate	deletion_rate	deletion_length	insertion_rate	insertion_length	multimapped	multimapped_percent	multimapped_toomany	multimapped_toomany_percent	unmapped_mismatches_percent	unmapped_tooshort_percent	unmapped_other_percent	unmapped_mismatches	unmapped_tooshort	unmapped_other
SRR516201	27569572.0	97.0	25496146.0	92.48	97.05	9514341.0	9199627.0	9372216.0	121130.0	8473.0	12522.0	0.32	0.03	2.61	0.02	2.09	1492143.0	5.41	201950.0	0.73	0.0	1.22	0.15	0	337800	41533
SRR516795	31715143.0	96.0	29239148.0	92.19	96.59	10630825.0	10258913.0	10473097.0	133164.0	9322.0	15242.0	0.35	0.03	2.67	0.02	2.15	1728407.0	5.45	252721.0	0.8	0.0	1.4	0.16	0	444111	50756
SRR516796	33721408.0	96.0	31097736.0	92.22	96.68	11517459.0	11123973.0	11346760.0	144191.0	10655.0	15853.0	0.37	0.03	2.76	0.02	2.16	1842940.0	5.47	214888.0	0.64	0.0	1.53	0.15	0	515322	50522
SRR516797	42316678.0	96.0	39102172.0	92.4	96.64	14592243.0	14101127.0	14376909.0	183689.0	12970.0	18675.0	0.35	0.03	2.76	0.02	2.07	2368423.0	5.6	294856.0	0.7	0.0	1.15	0.16	0	483902	67325
SRR516798	30477937.0	96.0	28069012.0	92.1	96.47	10307240.0	9952676.0	10155358.0	129157.0	8957.0	13768.0	0.36	0.03	2.68	0.02	2.12	1727117.0	5.67	241787.0	0.79	0.0	1.26	0.18	0	385018	55003
SRR516810	29827408.0	96.0	27542850.0	92.34	96.66	10236309.0	9885395.0	10085213.0	127761.0	9609.0	13726.0	0.37	0.03	2.73	0.02	2.1	1668987.0	5.6	216883.0	0.73	0.0	1.17	0.17	0	348108	50580
SRR516812	29333569.0	97.0	26935530.0	91.82	97.1	9992731.0	9645194.0	9842894.0	127106.0	9087.0	13644.0	0.35	0.03	2.75	0.02	2.11	1603076.0	5.46	274639.0	0.94	0.0	1.59	0.19	0	464784	55540
SRR516813	29421998.0	99.0	27235374.0	92.57	99.92	10431819.0	10072292.0	10274328.0	132687.0	9143.0	15661.0	0.39	0.03	2.72	0.02	2.18	1551210.0	5.27	233311.0	0.79	0.0	1.22	0.14	0	360710	41393
SRR516814	31851377.0	100.0	29459527.0	92.49	100.1	11261548.0	10869229.0	11093206.0	141398.0	10904.0	16040.0	0.37	0.03	2.69	0.02	2.11	1692597.0	5.31	265970.0	0.84	0.0	1.2	0.16	0	382309	50974
SRR516815	42061044.0	98.0	38445276.0	91.4	98.7	14212057.0	13625853.0	14005175.0	171433.0	12027.0	23422.0	0.38	0.03	2.97	0.03	2.2	2237762.0	5.32	518123.0	1.23	0.0	1.79	0.26	0	750825	109058
SRR516816	27965187.0	99.0	24969584.0	89.29	101.0	9542781.0	9211894.0	9401298.0	120691.0	8407.0	12385.0	0.35	0.03	2.76	0.02	2.14	1362188.0	4.87	225767.0	0.81	0.0	4.89	0.14	0	1368469	39179
SRR516817	30419497.0	100.0	27974158.0	91.96	100.89	10242693.0	9867013.0	10093810.0	126706.0	8509.0	13668.0	0.34	0.03	2.8	0.02	2.12	1438657.0	4.73	158153.0	0.52	0.0	2.7	0.09	0	821157	27372
SRR516818	27474095.0	100.0	25280364.0	92.02	101.01	9460351.0	9130260.0	9316590.0	119603.0	8933.0	15225.0	0.4	0.04	2.77	0.03	2.2	1459443.0	5.31	239831.0	0.87	0.0	1.63	0.17	0	447758	46699
SRR611202	29450979.0	100.0	27155309.0	92.21	100.69	10389977.0	10036134.0	10237138.0	129882.0	9116.0	13841.0	0.34	0.03	2.74	0.02	2.12	1512077.0	5.13	226711.0	0.77	0.0	1.73	0.16	0	509739	47143
SRR611203	27829374.0	100.0	25572205.0	91.89	100.59	9731254.0	9395665.0	9587717.0	122896.0	8667.0	11974.0	0.31	0.02	2.73	0.02	2.05	1391468.0	5.0	233684.0	0.84	0.0	2.12	0.15	0	590254	41763
SRR611204	33766479.0	92.0	31127270.0	92.18	92.55	11064747.0	10694347.0	10900987.0	140486.0	10102.0	13172.0	0.31	0.02	2.58	0.02	1.95	1922518.0	5.69	287864.0	0.85	0.0	1.05	0.22	0	354542	74285
SRR611205	28384504.0	100.0	26260375.0	92.52	100.34	10009019.0	9668360.0	9858516.0	127625.0	9441.0	13437.0	0.39	0.03	2.74	0.02	2.2	1492506.0	5.26	245120.0	0.86	0.0	1.2	0.16	0	341032	45471
SRR611206	29213508.0	100.0	26747340.0	91.56	100.38	10207932.0	9849959.0	10056510.0	129396.0	9166.0	12860.0	0.35	0.03	2.66	0.02	2.13	1487723.0	5.09	282979.0	0.97	0.0	2.22	0.16	0	648712	46754
SRR611207	32443880.0	100.0	29908783.0	92.19	100.33	11458158.0	11062852.0	11289032.0	143276.0	10012.0	15838.0	0.36	0.03	2.73	0.02	2.12	1672828.0	5.16	292889.0	0.9	0.0	1.61	0.14	0	523830	45550
SRR611208	34999551.0	96.0	32312741.0	92.32	96.8	12160250.0	11759390.0	11981222.0	154425.0	11162.0	13441.0	0.29	0.02	2.52	0.02	1.92	1849633.0	5.28	397303.0	1.14	0.0	1.06	0.19	0	373013	66861
SRR611209	22138295.0	93.0	20341794.0	91.89	93.77	7262789.0	7019502.0	7153959.0	92166.0	6475.0	10189.0	0.39	0.03	2.67	0.02	2.14	1245262.0	5.62	215384.0	0.97	0.0	1.31	0.2	0	291371	44484
SRR611210	33676145.0	98.0	30615184.0	90.91	98.7	11436148.0	11060895.0	11263844.0	146327.0	10403.0	15574.0	0.36	0.03	2.73	0.02	2.12	1746966.0	5.19	539202.0	1.6	0.0	2.07	0.23	0	697314	77479
SRR611211	27874434.0	99.0	25583082.0	91.78	99.45	9676490.0	9343120.0	9532310.0	122327.0	8440.0	13413.0	0.39	0.03	2.74	0.03	2.2	1494318.0	5.36	351217.0	1.26	0.0	1.39	0.21	0	387304	58513
SRR611212	25307855.0	99.0	23389586.0	92.42	99.3	8718756.0	8417816.0	8588871.0	110612.0	7882.0	11391.0	0.38	0.03	2.76	0.02	2.2	1350564.0	5.34	228796.0	0.9	0.0	1.17	0.17	0	295913	42996
SRR611213	26721332.0	99.0	24634236.0	92.19	99.88	9287672.0	8967153.0	9149559.0	116639.0	8330.0	13144.0	0.35	0.03	2.72	0.02	2.16	1426867.0	5.34	275181.0	1.03	0.0	1.24	0.2	0	331569	53479
SRR611214	33905548.0	100.0	31389142.0	92.58	99.96	11906355.0	11496507.0	11728816.0	147807.0	10435.0	19297.0	0.36	0.04	2.74	0.03	2.21	1750775.0	5.16	263917.0	0.78	0.0	1.34	0.14	0	454255	47459
SRR611215	29440471.0	98.0	27269726.0	92.63	98.81	10400604.0	10049083.0	10245560.0	130733.0	9482.0	14829.0	0.35	0.03	2.76	0.02	2.15	1564346.0	5.31	241867.0	0.82	0.0	1.07	0.17	0	314556	49976
SRR611216	34764618.0	98.0	32280619.0	92.85	98.82	12193315.0	11790192.0	12016999.0	151420.0	10481.0	14415.0	0.28	0.02	2.79	0.02	2.0	1802368.0	5.18	280247.0	0.81	0.0	1.0	0.16	0	346021	55363
SRR611217	35933409.0	99.0	33274017.0	92.6	98.96	12644686.0	12214252.0	12459716.0	157913.0	11067.0	15990.0	0.32	0.03	2.72	0.02	2.07	1923872.0	5.35	262964.0	0.73	0.0	1.16	0.16	0	415276	57280
SRR611218	32415465.0	92.0	29878374.0	92.17	92.76	10833604.0	10486555.0	10673190.0	137696.0	10378.0	12340.0	0.31	0.03	2.59	0.02	1.97	1832848.0	5.65	275513.0	0.85	0.0	1.12	0.2	0	363771	64959
SRR611219	30303024.0	99.0	28110401.0	92.76	99.08	10721224.0	10366716.0	10566978.0	133050.0	9482.0	11714.0	0.28	0.02	2.7	0.02	2.03	1564838.0	5.16	265908.0	0.88	0.0	1.03	0.17	0	310611	51266
SRR611220	33143826.0	99.0	30764019.0	92.82	99.27	11803674.0	11412514.0	11632980.0	146613.0	10607.0	13474.0	0.29	0.02	2.71	0.02	2.02	1725206.0	5.21	266382.0	0.8	0.0	1.02	0.15	0	338447	49772
SRR611221	37069331.0	98.0	34321657.0	92.59	98.87	12972073.0	12528661.0	12778396.0	164090.0	11949.0	17638.0	0.35	0.03	2.75	0.02	2.17	1990353.0	5.37	254341.0	0.69	0.0	1.21	0.14	0	450819	52161
SRR611243	31697614.0	98.0	29410571.0	92.78	98.8	11114348.0	10741682.0	10951495.0	138523.0	10049.0	14281.0	0.32	0.03	2.66	0.02	2.11	1638434.0	5.17	268042.0	0.85	0.0	1.04	0.16	0	329825	50742
SRR611246	23366383.0	98.0	21711489.0	92.92	98.91	8193117.0	7920075.0	8071579.0	103900.0	7320.0	10318.0	0.32	0.03	2.63	0.02	2.09	1197552.0	5.13	198507.0	0.85	0.0	0.96	0.15	0	223857	34978
SRR611247	37532687.0	98.0	34919903.0	93.04	98.89	13259288.0	12808350.0	13069563.0	163193.0	11866.0	14666.0	0.28	0.02	2.63	0.02	1.95	1940378.0	5.17	271874.0	0.72	0.0	0.92	0.15	0	344383	56149
SRR611252	29853263.0	98.0	27499887.0	92.12	98.93	10256497.0	9910313.0	10103646.0	131565.0	9574.0	11712.0	0.27	0.02	2.63	0.02	2.01	1579415.0	5.29	346938.0	1.16	0.0	1.21	0.22	0	361327	65696
SRR611253	30242334.0	98.0	27721360.0	91.66	98.98	10685778.0	10314786.0	10524284.0	133979.0	10207.0	17308.0	0.4	0.04	2.82	0.03	2.21	1653862.0	5.47	312286.0	1.03	0.0	1.65	0.18	0	500253	54573
SRR611259	32019014.0	99.0	29796976.0	93.06	99.04	11386517.0	11009623.0	11218890.0	144728.0	10175.0	12724.0	0.27	0.02	2.63	0.02	2.06	1655413.0	5.17	198806.0	0.62	0.0	1.01	0.14	0	323041	44778
SRR611262	29854125.0	99.0	27629838.0	92.55	99.11	10578096.0	10229242.0	10419113.0	135549.0	9683.0	13751.0	0.32	0.03	2.65	0.02	2.07	1604811.0	5.38	235472.0	0.79	0.0	1.12	0.17	0	333399	50605
SRR611264	27060689.0	99.0	25008384.0	92.42	99.07	9417282.0	9086721.0	9277800.0	117592.0	8466.0	13424.0	0.37	0.03	2.72	0.02	2.16	1471864.0	5.44	205198.0	0.76	0.0	1.21	0.17	0	329017	46226
SRR611265	31379630.0	99.0	29107171.0	92.76	99.2	10938988.0	10562456.0	10774873.0	139261.0	9829.0	15025.0	0.34	0.03	2.73	0.02	2.09	1645516.0	5.24	237042.0	0.76	0.0	1.09	0.15	0	342736	47165
SRR611266	36140571.0	92.0	33308987.0	92.17	92.62	11909105.0	11524759.0	11733819.0	150781.0	10586.0	13919.0	0.32	0.03	2.58	0.02	1.95	2080888.0	5.76	301160.0	0.83	0.0	1.06	0.19	0	381207	68329
SRR611268	28152274.0	92.0	25860611.0	91.86	92.79	9201930.0	8896133.0	9063573.0	116869.0	8195.0	13293.0	0.38	0.03	2.67	0.02	2.12	1651925.0	5.87	215275.0	0.76	0.0	1.3	0.2	0	367868	56595
SRR611269	31725274.0	96.0	28940418.0	91.22	96.61	10888978.0	10523679.0	10725804.0	135926.0	9968.0	17280.0	0.43	0.04	2.76	0.03	2.17	1778734.0	5.61	293411.0	0.92	0.0	2.07	0.18	0	655694	57017
SRR611270	41433614.0	92.0	38065788.0	91.87	92.84	13698768.0	13246013.0	13499243.0	171810.0	12118.0	15597.0	0.32	0.03	2.58	0.02	2.03	2369710.0	5.72	402699.0	0.97	0.0	1.21	0.22	0	503814	91603
SRR611271	35811129.0	92.0	32871308.0	91.79	92.66	11633854.0	11245419.0	11460662.0	147929.0	10804.0	14459.0	0.32	0.03	2.56	0.02	1.96	2061993.0	5.76	367316.0	1.03	0.0	1.21	0.21	0	435014	75498
SRR611272	21197871.0	91.0	19530060.0	92.13	91.9	6752233.0	6521687.0	6651823.0	86206.0	5899.0	8305.0	0.35	0.03	2.64	0.02	2.1	1203890.0	5.68	180542.0	0.85	0.0	1.15	0.19	0	243198	40181
SRR611273	29602610.0	92.0	27331101.0	92.33	92.75	9687725.0	9367812.0	9545013.0	122887.0	8761.0	11064.0	0.3	0.02	2.63	0.02	1.96	1652023.0	5.58	202674.0	0.68	0.0	1.24	0.17	0	366558	50254
SRR611274	31513608.0	92.0	28634981.0	90.87	92.57	10002743.0	9662845.0	9853298.0	126354.0	9204.0	13887.0	0.35	0.03	2.67	0.02	2.03	1804616.0	5.73	471828.0	1.5	0.0	1.61	0.3	0	507599	94584
SRR611275	31191373.0	99.0	28951772.0	92.82	99.21	11077541.0	10705191.0	10915826.0	140260.0	9761.0	11694.0	0.29	0.02	2.6	0.02	2.08	1611509.0	5.17	265208.0	0.85	0.0	1.0	0.16	0	312831	50053
SRR611276	27925817.0	99.0	25797428.0	92.38	99.48	9664320.0	9325542.0	9519843.0	122572.0	8793.0	13112.0	0.35	0.03	2.76	0.02	2.16	1514983.0	5.43	248420.0	0.89	0.0	1.13	0.17	0	317257	47729
SRR611277	30876901.0	96.0	28495573.0	92.29	96.9	10403979.0	10052076.0	10249508.0	131971.0	9225.0	13275.0	0.33	0.03	2.7	0.02	2.05	1678004.0	5.43	263835.0	0.85	0.0	1.25	0.17	0	386874	52615
SRR611278	26413272.0	97.0	24171504.0	91.51	97.26	9149809.0	8845301.0	9013027.0	118424.0	8390.0	9968.0	0.29	0.02	2.65	0.02	1.96	1415052.0	5.36	343990.0	1.3	0.0	1.59	0.24	0	419418	63308
SRR611287	26609771.0	99.0	24662424.0	92.68	99.44	9295355.0	8970552.0	9156772.0	118848.0	7980.0	11755.0	0.34	0.03	2.77	0.02	2.16	1416421.0	5.32	167849.0	0.63	0.0	1.21	0.15	0	323032	40045
SRR611288	36595450.0	99.0	33970824.0	92.83	99.29	12665574.0	12225822.0	12478319.0	158146.0	11162.0	17947.0	0.33	0.03	2.77	0.02	2.15	1909246.0	5.22	259185.0	0.71	0.0	1.1	0.15	0	401452	54743
SRR611289	34783954.0	92.0	31936748.0	91.81	92.81	11421559.0	11041120.0	11252691.0	145686.0	10416.0	12766.0	0.31	0.02	2.62	0.02	1.97	1991529.0	5.73	317051.0	0.91	0.0	1.35	0.2	0	469126	69500
SRR611290	35349902.0	96.0	32600108.0	92.22	96.92	12087525.0	11673087.0	11906052.0	153177.0	10707.0	17589.0	0.36	0.03	2.67	0.02	2.11	1992384.0	5.64	284349.0	0.8	0.0	1.17	0.17	0	413046	60015
SRR611291	32854317.0	94.0	30280032.0	92.16	94.32	10755804.0	10384492.0	10597991.0	137222.0	9427.0	11164.0	0.25	0.02	2.51	0.01	1.94	1752550.0	5.33	398980.0	1.21	0.0	1.07	0.22	0	350657	72098
SRR611292	27790931.0	96.0	25184535.0	90.62	96.99	9451282.0	9129123.0	9308679.0	120023.0	8696.0	13884.0	0.38	0.03	2.74	0.02	2.11	1543347.0	5.55	427038.0	1.54	0.0	2.03	0.26	0	563800	72211
SRR611293	29069292.0	92.0	26791464.0	92.16	92.27	9472276.0	9154600.0	9334702.0	118995.0	8356.0	10223.0	0.3	0.02	2.53	0.02	1.94	1677790.0	5.77	247681.0	0.85	0.0	1.0	0.22	0	288817	63540
SRR611294	18345881.0	99.0	17036601.0	92.86	99.66	6492154.0	6270008.0	6394999.0	82033.0	6361.0	8761.0	0.34	0.03	2.77	0.02	2.16	981888.0	5.35	110990.0	0.6	0.0	1.03	0.14	0	190508	25894
SRR611295	35075501.0	92.0	32135293.0	91.62	92.04	11114928.0	10740592.0	10947056.0	140581.0	10349.0	16942.0	0.39	0.03	2.56	0.02	2.09	2068290.0	5.9	230258.0	0.66	0.0	1.65	0.18	0	578546	63114
SRR611296	35613620.0	92.0	32703694.0	91.83	92.29	11318132.0	10939895.0	11148793.0	143406.0	9846.0	16087.0	0.35	0.03	2.54	0.02	2.02	2002843.0	5.62	295856.0	0.83	0.0	1.52	0.2	0	540154	71073
SRR611297	28502146.0	94.0	26235408.0	92.05	94.58	9338004.0	9014631.0	9197062.0	120046.0	8131.0	12765.0	0.34	0.03	2.65	0.02	2.03	1596015.0	5.6	244699.0	0.86	0.0	1.3	0.2	0	369221	56803
SRR611298	32707013.0	92.0	30221437.0	92.4	92.41	10898738.0	10549149.0	10739648.0	137227.0	9861.0	12002.0	0.32	0.02	2.61	0.02	1.93	1867523.0	5.71	238193.0	0.73	0.0	0.98	0.18	0	320916	58944
SRR611299	28121321.0	94.0	25755614.0	91.59	94.47	9279824.0	8960912.0	9139994.0	117546.0	8216.0	14068.0	0.4	0.03	2.68	0.02	2.14	1590933.0	5.66	312778.0	1.11	0.0	1.42	0.22	0	400021	61975
SRR611300	29574490.0	96.0	27224114.0	92.05	96.98	10225067.0	9879986.0	10072867.0	129552.0	9346.0	13302.0	0.33	0.03	2.65	0.02	2.06	1616591.0	5.47	257102.0	0.87	0.0	1.44	0.17	0	426350	50333
SRR611301	31734294.0	96.0	28938889.0	91.19	97.0	10749360.0	10385469.0	10591814.0	135537.0	9754.0	12255.0	0.27	0.02	2.53	0.02	2.04	1677787.0	5.29	661283.0	2.08	0.0	1.11	0.33	0	351758	104577
SRR611302	38274619.0	92.0	35294867.0	92.21	92.42	12411950.0	11995628.0	12229581.0	157204.0	10628.0	14537.0	0.32	0.03	2.57	0.02	2.0	2203738.0	5.76	287277.0	0.75	0.0	1.09	0.18	0	419467	69270
SRR611303	32403618.0	94.0	29727621.0	91.74	94.0	10655848.0	10300708.0	10494433.0	136269.0	10238.0	14908.0	0.35	0.03	2.6	0.02	2.08	1828697.0	5.64	338208.0	1.04	0.0	1.35	0.22	0	437754	71338
SRR611304	33043146.0	93.0	30184387.0	91.35	93.88	10603750.0	10246862.0	10447186.0	134616.0	8992.0	12956.0	0.32	0.03	2.62	0.02	2.01	1761523.0	5.33	341356.0	1.03	0.0	2.09	0.19	0	692890	62990
SRR611305	31087316.0	93.0	27071743.0	87.08	93.97	9468980.0	9143276.0	9328655.0	120153.0	8010.0	12162.0	0.31	0.03	2.63	0.02	2.02	1711967.0	5.51	1470822.0	4.73	0.0	1.93	0.75	0	599729	233055
SRR611306	18757247.0	97.0	15417161.0	82.19	97.81	5761976.0	5558910.0	5675618.0	74063.0	5170.0	7125.0	0.35	0.03	2.7	0.02	2.11	1015540.0	5.41	1819935.0	9.7	0.0	1.5	1.19	0	281382	223229
SRR611307	37912884.0	92.0	34837524.0	91.89	92.56	12336396.0	11927255.0	12158027.0	155640.0	10204.0	12525.0	0.29	0.02	2.6	0.02	1.94	2171624.0	5.73	386013.0	1.02	0.0	1.14	0.23	0	430806	86917
SRR611308	33089463.0	92.0	30209989.0	91.3	92.54	10795691.0	10437514.0	10633365.0	136758.0	9713.0	15855.0	0.4	0.04	2.69	0.03	2.07	1949764.0	5.89	361549.0	1.09	0.0	1.47	0.25	0	485579	82582
SRR611309	29849374.0	92.0	27457391.0	91.99	92.54	9704252.0	9380348.0	9558206.0	122163.0	9058.0	14825.0	0.37	0.03	2.58	0.02	2.06	1713424.0	5.74	246398.0	0.83	0.0	1.26	0.18	0	378141	54020
SRR611310	32653973.0	92.0	29926674.0	91.65	92.69	10588459.0	10236743.0	10432427.0	134138.0	9365.0	12529.0	0.34	0.03	2.65	0.02	2.01	1883040.0	5.77	350725.0	1.07	0.0	1.27	0.24	0	415092	78442
SRR611311	39047447.0	94.0	35836125.0	91.78	94.0	12710480.0	12283100.0	12523275.0	159979.0	11653.0	15573.0	0.34	0.03	2.72	0.02	2.03	2210016.0	5.66	375685.0	0.96	0.0	1.39	0.21	0	543508	82113
SRR611312	19299037.0	91.0	17676656.0	91.59	91.59	5870988.0	5667788.0	5781169.0	76382.0	5221.0	8216.0	0.4	0.03	2.61	0.02	2.12	1117872.0	5.79	206012.0	1.07	0.0	1.32	0.23	0	254204	44293
SRR611313	29974709.0	93.0	27531837.0	91.85	93.84	9863990.0	9548087.0	9720022.0	123192.0	8788.0	11988.0	0.33	0.02	2.59	0.02	1.97	1592081.0	5.31	306530.0	1.02	0.0	1.62	0.19	0	487129	57132
SRR611314	30495971.0	94.0	27907962.0	91.51	94.56	10297504.0	9967650.0	10144247.0	130829.0	10119.0	12309.0	0.35	0.03	2.63	0.02	2.07	1744759.0	5.72	386054.0	1.27	0.0	1.26	0.24	0	384045	73151
SRR611315	34980218.0	93.0	31931733.0	91.29	94.01	11210386.0	10830561.0	11045695.0	141587.0	9806.0	13298.0	0.3	0.02	2.49	0.02	1.96	1931718.0	5.52	275952.0	0.79	0.0	2.22	0.18	0	777754	63061
SRR611316	31716544.0	92.0	29042317.0	91.57	92.74	10167915.0	9828361.0	10016368.0	128611.0	9006.0	13930.0	0.35	0.03	2.68	0.02	2.09	1812558.0	5.71	396349.0	1.25	0.0	1.22	0.25	0	386184	79136
SRR611317	29252390.0	93.0	26706169.0	91.3	93.92	9517514.0	9197721.0	9373844.0	121338.0	8463.0	13869.0	0.38	0.03	2.7	0.02	2.1	1628744.0	5.57	236030.0	0.81	0.0	2.15	0.18	0	628803	52644
SRR611318	31718045.0	92.0	29388640.0	92.66	92.85	10375909.0	10037957.0	10225937.0	130362.0	8997.0	10613.0	0.28	0.02	2.56	0.02	1.87	1758232.0	5.54	214319.0	0.68	0.0	0.96	0.16	0	305875	50979
SRR611319	30772707.0	93.0	28337639.0	92.09	93.01	9959460.0	9625221.0	9810277.0	127659.0	8925.0	12599.0	0.33	0.03	2.6	0.02	2.06	1757990.0	5.71	267024.0	0.87	0.0	1.13	0.2	0	348392	61662
SRR611320	27795780.0	92.0	25633275.0	92.22	92.86	8963281.0	8655454.0	8829951.0	114140.0	7620.0	11570.0	0.33	0.03	2.66	0.02	2.03	1583322.0	5.7	207940.0	0.75	0.0	1.16	0.17	0	323791	47452
SRR611321	32068050.0	92.0	29571500.0	92.21	92.81	10425448.0	10075172.0	10269670.0	131509.0	9468.0	14801.0	0.34	0.03	2.6	0.02	2.05	1822975.0	5.68	224930.0	0.7	0.0	1.23	0.16	0	397002	51643
SRR611322	30755422.0	92.0	28294465.0	92.0	92.81	9846266.0	9509761.0	9698983.0	125497.0	8463.0	13323.0	0.33	0.03	2.67	0.02	2.0	1759127.0	5.72	267030.0	0.87	0.0	1.21	0.21	0	370499	64301
SRR611323	31203846.0	97.0	26786690.0	85.84	97.25	10022966.0	9674382.0	9874480.0	127473.0	8832.0	12181.0	0.34	0.03	2.68	0.02	2.12	1654869.0	5.3	2053237.0	6.58	0.0	1.42	0.85	0	443547	265503
SRR611324	39221747.0	92.0	36215157.0	92.33	92.85	12650965.0	12219821.0	12463308.0	161379.0	10822.0	15456.0	0.3	0.02	2.57	0.02	2.03	2202383.0	5.62	278077.0	0.71	0.0	1.16	0.19	0	452082	74048
SRR611325	38617581.0	93.0	35162766.0	91.05	93.68	12628396.0	12194915.0	12439491.0	158877.0	10611.0	19417.0	0.35	0.03	2.57	0.02	2.05	2153734.0	5.58	372296.0	0.96	0.0	2.21	0.19	0	855256	73529
SRR611326	34671407.0	97.0	31852656.0	91.87	97.37	12001292.0	11595997.0	11823564.0	150329.0	10819.0	16580.0	0.36	0.03	2.7	0.02	2.08	1875490.0	5.41	277288.0	0.8	0.0	1.77	0.15	0	613944	52029
SRR611327	23238924.0	92.0	21413587.0	92.15	92.98	7505273.0	7245252.0	7390201.0	96109.0	6914.0	12049.0	0.35	0.03	2.71	0.02	2.1	1322352.0	5.69	160103.0	0.69	0.0	1.32	0.16	0	305814	37068
SRR611328	19915952.0	91.0	18308968.0	91.93	91.96	6183121.0	5969347.0	6088578.0	79976.0	5393.0	9174.0	0.37	0.03	2.69	0.02	2.13	1125415.0	5.65	191943.0	0.96	0.0	1.25	0.2	0	249678	39948
SRR611329	35543807.0	92.0	32788122.0	92.25	92.76	11792770.0	11406708.0	11619892.0	147465.0	10523.0	14890.0	0.34	0.03	2.69	0.02	2.03	2011610.0	5.66	260597.0	0.73	0.0	1.19	0.17	0	423043	60435
SRR611330	30258852.0	92.0	27922083.0	92.28	92.59	9911937.0	9582886.0	9763914.0	126788.0	9122.0	12113.0	0.32	0.03	2.62	0.02	1.98	1709670.0	5.65	206601.0	0.68	0.0	1.22	0.17	0	369070	51428
SRR611331	31161694.0	96.0	28642410.0	91.92	96.69	10671382.0	10315779.0	10512603.0	134614.0	10035.0	14130.0	0.35	0.03	2.71	0.02	2.09	1678466.0	5.39	259190.0	0.83	0.0	1.71	0.16	0	531863	49765
SRR611332	32926093.0	92.0	30339173.0	92.14	92.95	10942744.0	10577890.0	10782101.0	138555.0	9945.0	12143.0	0.29	0.02	2.59	0.02	1.95	1868952.0	5.68	273847.0	0.83	0.0	1.16	0.19	0	381615	62506
SRR611333	27046542.0	92.0	24668851.0	91.21	92.09	8423712.0	8139619.0	8298492.0	105338.0	7519.0	12363.0	0.39	0.03	2.62	0.02	2.05	1530756.0	5.66	348451.0	1.29	0.0	1.58	0.26	0	428046	70438
SRR611334	34842388.0	92.0	32065177.0	92.03	92.7	11259580.0	10887082.0	11093527.0	142600.0	9621.0	13832.0	0.36	0.03	2.56	0.02	2.02	1977515.0	5.68	297040.0	0.85	0.0	1.24	0.2	0	432843	69813
SRR611335	32362645.0	92.0	29785325.0	92.04	92.65	10572807.0	10223709.0	10418690.0	131273.0	9304.0	13540.0	0.31	0.02	2.58	0.02	2.0	1816068.0	5.61	301718.0	0.93	0.0	1.21	0.21	0	391575	67959
SRR611336	23215966.0	94.0	21310002.0	91.79	93.99	7677873.0	7418499.0	7562346.0	98066.0	6972.0	10489.0	0.38	0.03	2.73	0.02	2.12	1332415.0	5.74	226748.0	0.98	0.0	1.3	0.19	0	302578	44223
SRR611337	18899309.0	94.0	17487934.0	92.53	94.02	6189026.0	5986985.0	6099503.0	78027.0	5144.0	6352.0	0.26	0.02	2.61	0.02	1.94	987411.0	5.22	149405.0	0.79	0.0	1.29	0.17	0	242590	31969
SRR611338	28810098.0	92.0	26819660.0	93.09	92.78	9564007.0	9266131.0	9430795.0	120198.0	8393.0	4621.0	0.12	0.0	1.6	0.01	1.24	1499441.0	5.2	234817.0	0.82	0.0	0.71	0.18	0	204368	51812
SRR611339	31857617.0	96.0	29002650.0	91.04	96.54	10800517.0	10425935.0	10630769.0	135882.0	10125.0	23741.0	0.6	0.06	2.82	0.04	2.32	1940895.0	6.09	273491.0	0.86	0.0	1.82	0.19	0	580029	60552
SRR650904	21604947.0	96.0	21244269.0	98.33	96.36	5788880.0	5611904.0	5723031.0	62048.0	867.0	2934.0	0.27	0.02	2.61	0.02	2.06	329482.0	1.53	1750.0	0.01	0.0	0.14	0.0	0	29446	0
SRR650905	24788179.0	95.0	24368966.0	98.31	95.91	6466888.0	6258780.0	6394446.0	68531.0	1034.0	2877.0	0.29	0.02	2.7	0.02	2.13	381047.0	1.54	2131.0	0.01	0.0	0.14	0.0	0	36035	0
SRR650906	33144772.0	95.0	32562974.0	98.24	95.94	8888445.0	8614201.0	8789118.0	94046.0	1551.0	3730.0	0.3	0.02	2.8	0.02	2.06	532665.0	1.61	2561.0	0.01	0.0	0.14	0.0	0	46572	0
SRR650907	26276149.0	96.0	25822682.0	98.27	96.0	6996676.0	6777522.0	6919055.0	73185.0	1194.0	3242.0	0.31	0.02	2.77	0.02	2.15	412059.0	1.57	1815.0	0.01	0.0	0.15	0.0	0	39593	0
SRR650908	23741308.0	95.0	23315633.0	98.21	95.81	6263065.0	6061838.0	6192108.0	67073.0	1083.0	2801.0	0.3	0.02	2.67	0.02	2.13	388672.0	1.64	2230.0	0.01	0.0	0.15	0.0	0	34773	0
SRR650909	23166471.0	92.0	22831751.0	98.56	92.15	6011899.0	5831660.0	5946244.0	63655.0	946.0	1054.0	0.1	0.0	1.59	0.01	1.23	311209.0	1.34	2068.0	0.01	0.0	0.09	0.0	0	21443	0
SRR650910	23283719.0	95.0	22869119.0	98.22	95.99	6221641.0	6026627.0	6152500.0	65148.0	1036.0	2957.0	0.31	0.02	2.77	0.02	2.1	378655.0	1.63	1907.0	0.01	0.0	0.15	0.0	0	34038	0
SRR650911	22709788.0	96.0	22321306.0	98.29	96.43	6045665.0	5851519.0	5977871.0	63698.0	1056.0	3040.0	0.29	0.02	2.82	0.02	2.1	353148.0	1.56	2518.0	0.01	0.0	0.14	0.0	0	32816	0
SRR650912	22951519.0	99.0	22561404.0	98.3	99.35	6319879.0	6119781.0	6248168.0	67601.0	940.0	3170.0	0.34	0.02	2.76	0.02	2.15	356220.0	1.55	2367.0	0.01	0.0	0.14	0.0	0	31528	0
SRR650913	24841559.0	99.0	24423120.0	98.32	99.51	6834026.0	6612756.0	6757152.0	72501.0	1117.0	3256.0	0.32	0.02	2.72	0.02	2.09	382069.0	1.54	2608.0	0.01	0.0	0.13	0.0	0	33762	0
SRR650914	20899267.0	100.0	20557480.0	98.36	100.49	5744283.0	5559364.0	5679915.0	60889.0	894.0	2585.0	0.29	0.02	2.8	0.02	2.12	311507.0	1.49	2159.0	0.01	0.0	0.13	0.0	0	28121	0
SRR650915	23524017.0	100.0	23147727.0	98.4	100.39	6178320.0	5963718.0	6110073.0	64811.0	883.0	2553.0	0.28	0.02	2.82	0.02	2.05	342327.0	1.46	1542.0	0.01	0.0	0.14	0.0	0	32421	0
SRR650916	21135379.0	100.0	20773385.0	98.29	100.5	5675725.0	5496495.0	5611925.0	60102.0	887.0	2811.0	0.33	0.03	2.79	0.02	2.19	329542.0	1.56	2436.0	0.01	0.0	0.14	0.0	0	30016	0
SRR650917	22717541.0	100.0	22340105.0	98.34	100.16	6243506.0	6047970.0	6174836.0	65084.0	1047.0	2539.0	0.29	0.02	2.78	0.02	2.08	345335.0	1.52	2262.0	0.01	0.0	0.13	0.0	0	29839	0
SRR650918	21446668.0	100.0	21105336.0	98.41	100.07	5861318.0	5673888.0	5795231.0	62530.0	953.0	2604.0	0.26	0.02	2.79	0.01	2.01	312324.0	1.46	2080.0	0.01	0.0	0.12	0.0	0	26928	0
SRR650919	32001599.0	98.0	31453783.0	98.29	98.3	8483194.0	8149676.0	8393964.0	83518.0	1372.0	4340.0	0.31	0.03	3.01	0.02	2.17	491693.0	1.54	4484.0	0.01	0.0	0.16	0.0	0	51639	0
SRR650920	26571620.0	91.0	26119369.0	98.3	91.97	6887314.0	6673375.0	6810808.0	72432.0	1200.0	2874.0	0.26	0.02	2.6	0.02	1.95	413853.0	1.56	2411.0	0.01	0.0	0.13	0.0	0	35987	0
SRR650921	22086149.0	99.0	21715207.0	98.32	99.78	6059769.0	5870596.0	5991214.0	64904.0	994.0	2657.0	0.33	0.02	2.8	0.02	2.19	336663.0	1.52	2487.0	0.01	0.0	0.14	0.0	0	31792	0
SRR650922	22342437.0	99.0	21970655.0	98.34	99.84	6128803.0	5928738.0	6059099.0	66107.0	896.0	2701.0	0.3	0.02	2.62	0.02	2.09	338244.0	1.51	2887.0	0.01	0.0	0.14	0.0	0	30651	0
SRR650923	24876168.0	99.0	24456794.0	98.31	99.8	6846158.0	6628556.0	6770253.0	71487.0	1031.0	3387.0	0.3	0.02	2.75	0.02	2.1	382362.0	1.54	2849.0	0.01	0.0	0.14	0.0	0	34163	0
SRR650924	27312608.0	96.0	26860146.0	98.34	96.11	7373880.0	7144159.0	7291875.0	78156.0	1160.0	2689.0	0.25	0.02	2.57	0.01	1.91	413742.0	1.51	3719.0	0.01	0.0	0.13	0.0	0	35001	0
SRR650925	32322425.0	91.0	31740417.0	98.2	91.17	8350081.0	8095371.0	8256862.0	87720.0	1456.0	4043.0	0.32	0.02	2.72	0.02	2.13	527828.0	1.63	2982.0	0.01	0.0	0.16	0.0	0	51198	0
SRR650926	25722624.0	98.0	25290572.0	98.32	98.05	6907076.0	6696909.0	6828191.0	74475.0	1119.0	3291.0	0.31	0.02	2.77	0.02	2.1	392560.0	1.53	4871.0	0.02	0.0	0.13	0.0	0	34621	0
SRR650927	34041703.0	91.0	33424654.0	98.19	91.41	8864253.0	8591176.0	8763778.0	94619.0	1586.0	4270.0	0.31	0.02	2.7	0.02	2.12	559678.0	1.64	3180.0	0.01	0.0	0.16	0.0	0	54191	0
SRR650928	27895171.0	91.0	27436139.0	98.35	91.4	7115779.0	6900510.0	7036946.0	75081.0	1090.0	2662.0	0.21	0.01	2.57	0.01	1.92	420627.0	1.51	2087.0	0.01	0.0	0.13	0.0	0	36318	0
SRR650929	21486750.0	98.0	21116750.0	98.28	98.84	5843155.0	5656723.0	5777078.0	62143.0	948.0	2986.0	0.33	0.02	2.81	0.02	2.19	334559.0	1.56	3203.0	0.01	0.0	0.15	0.0	0	32238	0
SRR650930	19712536.0	98.0	19373089.0	98.28	98.68	5264029.0	5094528.0	5204350.0	56219.0	890.0	2570.0	0.33	0.02	2.75	0.02	2.16	307644.0	1.56	2122.0	0.01	0.0	0.15	0.0	0	29681	0
SRR650931	20816588.0	91.0	20447295.0	98.23	91.57	5181409.0	5021974.0	5123996.0	53885.0	921.0	2607.0	0.32	0.02	2.68	0.02	2.06	332875.0	1.6	3247.0	0.02	0.0	0.16	0.0	0	33171	0
SRR650932	20765715.0	99.0	20412618.0	98.3	99.29	5620342.0	5440059.0	5557400.0	59291.0	903.0	2748.0	0.29	0.02	2.73	0.02	2.12	322479.0	1.55	2416.0	0.01	0.0	0.13	0.0	0	28202	0
SRR650933	26398137.0	99.0	25947192.0	98.29	99.39	7207337.0	6978594.0	7128108.0	74665.0	1044.0	3520.0	0.3	0.03	2.74	0.02	2.19	412283.0	1.56	2312.0	0.01	0.0	0.14	0.0	0	36350	0
SRR650934	22965400.0	98.0	22573590.0	98.29	98.18	6301408.0	6105330.0	6231456.0	66009.0	1051.0	2892.0	0.3	0.02	2.83	0.02	2.12	358322.0	1.56	2158.0	0.01	0.0	0.14	0.0	0	31330	0
SRR650935	27301404.0	98.0	26851211.0	98.35	98.18	7396995.0	7169695.0	7316007.0	77123.0	1086.0	2779.0	0.24	0.02	2.78	0.01	1.98	412783.0	1.51	2275.0	0.01	0.0	0.13	0.0	0	35135	0
SRR650936	28079769.0	98.0	27605862.0	98.31	98.33	7656865.0	7415817.0	7571950.0	80426.0	1153.0	3336.0	0.27	0.02	2.72	0.02	2.02	433846.0	1.55	2159.0	0.01	0.0	0.13	0.0	0	37902	0
SRR650937	25492305.0	92.0	25060025.0	98.3	92.19	6743839.0	6543970.0	6668892.0	71426.0	1206.0	2315.0	0.27	0.02	2.61	0.02	1.97	394285.0	1.55	2360.0	0.01	0.0	0.14	0.0	0	35635	0
SRR650938	23807923.0	98.0	23421098.0	98.38	98.42	6516363.0	6314678.0	6445062.0	67987.0	1025.0	2289.0	0.24	0.02	2.71	0.01	2.01	354620.0	1.49	2188.0	0.01	0.0	0.13	0.0	0	30017	0
SRR650939	26047222.0	98.0	25622537.0	98.37	98.62	7176100.0	6953632.0	7097096.0	75062.0	1153.0	2789.0	0.25	0.02	2.71	0.01	2.0	389512.0	1.5	2264.0	0.01	0.0	0.13	0.0	0	32909	0
SRR650940	28942959.0	98.0	28445970.0	98.28	98.24	7853057.0	7605273.0	7764083.0	84086.0	1213.0	3675.0	0.29	0.02	2.81	0.02	2.13	456382.0	1.58	2353.0	0.01	0.0	0.13	0.0	0	38254	0
SRR650941	24836142.0	98.0	24426157.0	98.35	98.16	6751155.0	6539084.0	6675913.0	71363.0	1008.0	2871.0	0.27	0.02	2.7	0.02	2.08	376077.0	1.51	2499.0	0.01	0.0	0.13	0.0	0	31409	0
SRR650942	18391279.0	98.0	18090572.0	98.36	98.24	4985388.0	4830986.0	4929420.0	53074.0	784.0	2110.0	0.27	0.02	2.65	0.02	2.05	275169.0	1.5	1731.0	0.01	0.0	0.13	0.0	0	23807	0
SRR650943	29604413.0	98.0	29125908.0	98.38	98.22	8073487.0	7815804.0	7984442.0	84666.0	1255.0	3124.0	0.23	0.02	2.7	0.01	1.91	439597.0	1.48	2440.0	0.01	0.0	0.12	0.0	0	36468	0
SRR650944	23327558.0	98.0	22955603.0	98.41	98.27	6236891.0	6040784.0	6166035.0	67525.0	926.0	2405.0	0.23	0.02	2.63	0.01	1.96	339730.0	1.46	3058.0	0.01	0.0	0.12	0.0	0	29167	0
SRR650945	23210227.0	98.0	22794359.0	98.21	98.37	6428617.0	6224749.0	6356570.0	67612.0	1043.0	3392.0	0.34	0.03	2.86	0.02	2.2	378636.0	1.63	2644.0	0.01	0.0	0.15	0.0	0	34588	0
SRR650946	25270063.0	98.0	24862335.0	98.39	98.39	6926649.0	6711591.0	6848630.0	74633.0	1036.0	2350.0	0.22	0.02	2.63	0.01	2.03	375581.0	1.49	1620.0	0.01	0.0	0.12	0.0	0	30527	0
SRR650947	23332387.0	98.0	22938824.0	98.31	98.46	6418636.0	6224630.0	6345959.0	69027.0	1016.0	2634.0	0.27	0.02	2.67	0.02	2.04	360618.0	1.55	2012.0	0.01	0.0	0.13	0.0	0	30933	0
SRR650948	21062674.0	98.0	20698174.0	98.27	98.45	5697312.0	5514128.0	5633639.0	60002.0	965.0	2706.0	0.31	0.03	2.76	0.02	2.15	332215.0	1.58	1688.0	0.01	0.0	0.14	0.0	0	30597	0
SRR650949	24605343.0	98.0	24195391.0	98.33	98.56	6632335.0	6424299.0	6556883.0	71481.0	1172.0	2799.0	0.28	0.02	2.76	0.02	2.09	374687.0	1.52	1909.0	0.01	0.0	0.13	0.0	0	33356	0
SRR650950	28467395.0	92.0	27974385.0	98.27	92.05	7425077.0	7204288.0	7342483.0	78561.0	1159.0	2874.0	0.27	0.02	2.61	0.02	1.94	450344.0	1.58	2513.0	0.01	0.0	0.14	0.0	0	40153	0
SRR650951	21924668.0	92.0	21531442.0	98.21	92.27	5704631.0	5531516.0	5640992.0	59933.0	1067.0	2639.0	0.32	0.02	2.68	0.02	2.13	358259.0	1.63	1827.0	0.01	0.0	0.15	0.0	0	33140	0
SRR650952	24256596.0	96.0	23819215.0	98.2	95.98	6580683.0	6378464.0	6507919.0	68379.0	1062.0	3323.0	0.36	0.03	2.82	0.02	2.16	396805.0	1.64	2815.0	0.01	0.0	0.15	0.0	0	37761	0
SRR650953	32429550.0	92.0	31863699.0	98.26	92.28	8523871.0	8262928.0	8430324.0	89107.0	1570.0	2870.0	0.27	0.02	2.61	0.02	2.03	514621.0	1.59	3488.0	0.01	0.0	0.15	0.0	0	47742	0
SRR650954	29342211.0	96.0	28858530.0	98.35	96.43	7884035.0	7639607.0	7797587.0	81837.0	1229.0	3382.0	0.26	0.02	2.66	0.01	2.03	440980.0	1.5	3561.0	0.01	0.0	0.13	0.0	0	39140	0
SRR650955	28030356.0	92.0	27551696.0	98.29	92.1	7249484.0	7023995.0	7167338.0	77914.0	1386.0	2846.0	0.27	0.02	2.56	0.02	1.97	434891.0	1.55	3705.0	0.01	0.0	0.14	0.0	0	40064	0
SRR650956	16715157.0	91.0	16424444.0	98.26	91.38	4226494.0	4093345.0	4179187.0	44825.0	691.0	1791.0	0.29	0.02	2.7	0.02	2.11	265405.0	1.59	1640.0	0.01	0.0	0.14	0.0	0	23668	0
SRR650957	23357033.0	92.0	22968694.0	98.34	92.2	6038903.0	5853630.0	5972064.0	63649.0	1056.0	2134.0	0.25	0.02	2.68	0.01	1.92	355783.0	1.52	1744.0	0.01	0.0	0.13	0.0	0	30812	0
SRR650958	24415850.0	92.0	23986231.0	98.24	92.05	6227278.0	6030489.0	6158128.0	65730.0	1053.0	2367.0	0.29	0.02	2.71	0.02	2.03	387654.0	1.59	4205.0	0.02	0.0	0.15	0.0	0	37760	0
SRR650959	24528571.0	98.0	24126939.0	98.36	98.55	6742420.0	6531385.0	6666440.0	72671.0	1072.0	2237.0	0.24	0.02	2.63	0.01	2.04	368073.0	1.5	2139.0	0.01	0.0	0.13	0.0	0	31420	0
SRR650960	21828757.0	98.0	21460192.0	98.31	98.85	5859571.0	5672714.0	5792491.0	63087.0	1028.0	2965.0	0.29	0.02	2.8	0.02	2.14	336012.0	1.54	1989.0	0.01	0.0	0.14	0.0	0	30564	0
SRR650961	24114696.0	96.0	23708250.0	98.31	96.23	6293168.0	6096184.0	6222215.0	66824.0	1018.0	3111.0	0.27	0.02	2.71	0.02	2.05	371644.0	1.54	2490.0	0.01	0.0	0.13	0.0	0	32312	0
SRR650962	20551024.0	96.0	20213124.0	98.36	96.56	5574147.0	5400411.0	5509083.0	61898.0	846.0	2320.0	0.25	0.02	2.7	0.01	1.96	307512.0	1.5	3290.0	0.02	0.0	0.13	0.0	0	27098	0
SRR650963	20867546.0	98.0	20507039.0	98.27	98.83	5642795.0	5459428.0	5578722.0	60828.0	837.0	2408.0	0.29	0.02	2.79	0.02	2.15	331621.0	1.59	1406.0	0.01	0.0	0.13	0.0	0	27480	0
SRR650964	28808188.0	98.0	28324699.0	98.32	98.67	7707558.0	7459738.0	7621070.0	81829.0	1190.0	3469.0	0.28	0.02	2.85	0.02	2.11	443998.0	1.54	2140.0	0.01	0.0	0.13	0.0	0	37351	0
SRR650965	27271440.0	92.0	26806546.0	98.3	92.27	7134942.0	6914550.0	7054644.0	76238.0	1327.0	2733.0	0.26	0.02	2.66	0.01	1.96	426420.0	1.56	2734.0	0.01	0.0	0.13	0.0	0	35740	0
SRR650966	27513099.0	96.0	27038886.0	98.28	96.27	7324646.0	7092552.0	7242536.0	77326.0	1219.0	3565.0	0.31	0.02	2.73	0.02	2.1	431682.0	1.57	2735.0	0.01	0.0	0.14	0.0	0	39796	0
SRR650967	25958600.0	93.0	25546400.0	98.41	93.82	6712871.0	6494360.0	6637439.0	71903.0	1106.0	2423.0	0.21	0.01	2.54	0.01	1.94	376532.0	1.45	3793.0	0.01	0.0	0.12	0.0	0	31875	0
SRR650968	21290089.0	96.0	20915081.0	98.24	96.32	5734998.0	5555539.0	5669498.0	61596.0	946.0	2958.0	0.32	0.02	2.78	0.02	2.11	338633.0	1.59	3941.0	0.02	0.0	0.15	0.0	0	32434	0
SRR650969	22963694.0	91.0	22569054.0	98.28	91.71	5926460.0	5739902.0	5860899.0	62401.0	933.0	2227.0	0.25	0.02	2.59	0.01	1.91	360324.0	1.57	2077.0	0.01	0.0	0.14	0.0	0	32239	0
SRR650970	14444488.0	99.0	14203641.0	98.33	99.03	3950965.0	3825735.0	3906008.0	42543.0	653.0	1761.0	0.28	0.02	2.81	0.02	2.14	220836.0	1.53	879.0	0.01	0.0	0.13	0.0	0	19132	0
SRR650971	27048456.0	91.0	26559180.0	98.19	91.57	6819962.0	6611699.0	6743552.0	71843.0	1261.0	3306.0	0.33	0.02	2.6	0.02	2.11	446041.0	1.65	2094.0	0.01	0.0	0.15	0.0	0	41141	0
SRR650972	27626823.0	91.0	27146080.0	98.26	91.79	6972635.0	6755809.0	6894607.0	73940.0	1185.0	2903.0	0.29	0.02	2.55	0.02	2.03	439115.0	1.59	2655.0	0.01	0.0	0.14	0.0	0	38973	0
SRR650973	22353724.0	94.0	21979598.0	98.33	94.1	5805201.0	5617799.0	5739102.0	62469.0	1047.0	2583.0	0.29	0.02	2.66	0.02	2.02	340205.0	1.52	2465.0	0.01	0.0	0.14	0.0	0	31456	0
SRR650974	25774931.0	91.0	25337689.0	98.3	91.84	6796575.0	6594150.0	6721523.0	71471.0	1166.0	2415.0	0.27	0.02	2.67	0.01	1.94	400322.0	1.55	1938.0	0.01	0.0	0.13	0.0	0	34982	0
SRR650975	21842656.0	94.0	21464613.0	98.27	94.03	5757336.0	5574538.0	5692611.0	60566.0	990.0	3169.0	0.33	0.03	2.73	0.02	2.15	342573.0	1.57	3003.0	0.01	0.0	0.15	0.0	0	32467	0
SRR650976	22997080.0	96.0	22602908.0	98.29	96.29	6190678.0	5996350.0	6121471.0	65772.0	953.0	2482.0	0.28	0.02	2.64	0.02	2.02	360760.0	1.57	2329.0	0.01	0.0	0.13	0.0	0	31083	0
SRR650977	24551333.0	96.0	24142382.0	98.33	96.34	6533828.0	6324952.0	6460959.0	69333.0	1140.0	2396.0	0.23	0.01	2.53	0.01	1.99	370390.0	1.51	6166.0	0.03	0.0	0.13	0.0	0	32395	0
SRR650978	30117177.0	91.0	29597710.0	98.28	91.88	7724822.0	7484612.0	7638159.0	81991.0	1366.0	3306.0	0.27	0.02	2.58	0.02	2.01	473469.0	1.57	2425.0	0.01	0.0	0.14	0.0	0	43573	0
SRR650979	25231111.0	93.0	24800549.0	98.29	93.52	6613460.0	6409672.0	6539168.0	70176.0	1135.0	2981.0	0.29	0.02	2.62	0.02	2.08	391615.0	1.55	2840.0	0.01	0.0	0.14	0.0	0	36107	0
SRR650980	25691838.0	93.0	25275741.0	98.38	93.37	6593517.0	6387389.0	6519680.0	70146.0	1058.0	2633.0	0.27	0.02	2.71	0.02	2.02	378245.0	1.47	3038.0	0.01	0.0	0.13	0.0	0	34814	0
SRR650981	23038015.0	93.0	22635885.0	98.25	93.48	5886972.0	5699848.0	5821783.0	61958.0	926.0	2305.0	0.26	0.02	2.64	0.02	2.01	352591.0	1.53	13112.0	0.06	0.0	0.16	0.0	0	36427	0
SRR650982	13009550.0	97.0	12765681.0	98.13	97.19	3499335.0	3383464.0	3459688.0	37586.0	584.0	1477.0	0.3	0.02	2.73	0.02	2.09	199003.0	1.53	17386.0	0.13	0.0	0.21	0.0	0	27480	0
SRR650983	29682190.0	91.0	29183663.0	98.32	92.0	7659025.0	7422040.0	7573463.0	81490.0	1263.0	2809.0	0.25	0.02	2.62	0.01	1.96	455296.0	1.53	3325.0	0.01	0.0	0.13	0.0	0	39906	0
SRR650984	25514335.0	92.0	25049479.0	98.18	92.02	6668125.0	6465626.0	6593175.0	70705.0	1242.0	3003.0	0.33	0.03	2.75	0.02	2.1	421238.0	1.65	3109.0	0.01	0.0	0.16	0.0	0	40509	0
SRR650985	23323430.0	92.0	22912187.0	98.24	92.04	6030789.0	5845536.0	5963497.0	63410.0	1071.0	2811.0	0.31	0.02	2.61	0.02	2.07	373986.0	1.6	2024.0	0.01	0.0	0.15	0.0	0	35233	0
SRR650986	25445438.0	92.0	25004020.0	98.27	92.17	6572349.0	6370681.0	6499161.0	69666.0	1211.0	2311.0	0.29	0.02	2.69	0.01	2.0	402464.0	1.58	3165.0	0.01	0.0	0.14	0.0	0	35789	0
SRR650987	27248140.0	92.0	26775077.0	98.26	92.19	6986004.0	6772349.0	6907621.0	74322.0	1284.0	2777.0	0.3	0.02	2.61	0.02	2.02	430845.0	1.58	2755.0	0.01	0.0	0.14	0.0	0	39463	0
SRR650988	30453938.0	93.0	29931980.0	98.29	93.51	7892204.0	7647413.0	7804815.0	82594.0	1468.0	3327.0	0.28	0.02	2.71	0.02	2.03	474183.0	1.56	3421.0	0.01	0.0	0.14	0.0	0	44354	0
SRR650989	15093890.0	91.0	14826805.0	98.23	91.08	3660608.0	3543112.0	3619285.0	38929.0	604.0	1790.0	0.34	0.02	2.61	0.02	2.11	240835.0	1.6	1901.0	0.01	0.0	0.16	0.0	0	24349	0
SRR650990	23412429.0	93.0	23029549.0	98.36	93.33	6143927.0	5961541.0	6076632.0	63760.0	1124.0	2411.0	0.28	0.02	2.65	0.01	1.96	347982.0	1.49	2860.0	0.01	0.0	0.14	0.0	0	32038	0
SRR650991	23707325.0	94.0	23301331.0	98.29	94.12	6418617.0	6228099.0	6345914.0	68928.0	1311.0	2464.0	0.29	0.02	2.66	0.02	2.05	368831.0	1.56	3541.0	0.01	0.0	0.14	0.0	0	33622	0
SRR650992	27308728.0	93.0	26862185.0	98.36	93.51	7001816.0	6778267.0	6924789.0	73450.0	1135.0	2442.0	0.25	0.02	2.47	0.01	1.95	408064.0	1.49	2615.0	0.01	0.0	0.13	0.0	0	35864	0
SRR650993	24731043.0	92.0	24295896.0	98.24	92.21	6322750.0	6128776.0	6252610.0	65989.0	1292.0	2859.0	0.3	0.02	2.71	0.02	2.1	394349.0	1.59	3209.0	0.01	0.0	0.15	0.0	0	37589	0
SRR650994	22622791.0	93.0	22227584.0	98.25	93.45	5899840.0	5717956.0	5833147.0	62856.0	1035.0	2802.0	0.32	0.02	2.73	0.02	2.11	359417.0	1.59	2171.0	0.01	0.0	0.15	0.0	0	33619	0
SRR650995	25202346.0	92.0	24787532.0	98.35	92.33	6489629.0	6291155.0	6418856.0	67417.0	1118.0	2238.0	0.24	0.02	2.58	0.01	1.83	380656.0	1.51	1873.0	0.01	0.0	0.13	0.0	0	32285	0
SRR650996	24147788.0	92.0	23735258.0	98.29	92.49	6183995.0	5991863.0	6113381.0	66495.0	1095.0	3024.0	0.28	0.02	2.66	0.02	2.04	377517.0	1.56	2307.0	0.01	0.0	0.13	0.0	0	32706	0
SRR650997	21826342.0	92.0	21455715.0	98.3	92.35	5570072.0	5393019.0	5507987.0	58693.0	942.0	2450.0	0.27	0.02	2.7	0.02	2.04	337547.0	1.55	1654.0	0.01	0.0	0.14	0.0	0	31426	0
SRR650998	25152866.0	92.0	24724923.0	98.3	92.28	6479117.0	6277696.0	6406365.0	68441.0	1173.0	3138.0	0.29	0.02	2.63	0.02	2.07	390105.0	1.55	1798.0	0.01	0.0	0.14	0.0	0	36040	0
SRR650999	24105730.0	92.0	23691672.0	98.28	92.27	6106624.0	5915577.0	6037786.0	65182.0	1167.0	2489.0	0.27	0.02	2.72	0.02	2.01	378633.0	1.57	2067.0	0.01	0.0	0.14	0.0	0	33358	0
SRR651000	22649956.0	96.0	22228755.0	98.14	96.59	6086075.0	5886605.0	6017658.0	64954.0	976.0	2487.0	0.29	0.02	2.71	0.02	2.09	359919.0	1.59	19533.0	0.09	0.0	0.18	0.0	0	41749	0
SRR651001	30921374.0	92.0	30398274.0	98.31	92.32	7876823.0	7625663.0	7788350.0	84015.0	1340.0	3118.0	0.25	0.02	2.63	0.02	2.0	477155.0	1.54	2226.0	0.01	0.0	0.14	0.0	0	43719	0
SRR651002	29930498.0	93.0	29419640.0	98.29	93.15	7865014.0	7611945.0	7777358.0	82835.0	1223.0	3598.0	0.29	0.02	2.57	0.02	2.07	462682.0	1.55	3264.0	0.01	0.0	0.15	0.0	0	44912	0
SRR651003	26768923.0	96.0	26308805.0	98.28	96.73	7253364.0	7028987.0	7172029.0	76720.0	1115.0	3500.0	0.3	0.02	2.75	0.02	2.05	420325.0	1.57	2756.0	0.01	0.0	0.14	0.0	0	37037	0
SRR651004	18205830.0	92.0	17892928.0	98.28	92.48	4655865.0	4509136.0	4603425.0	49205.0	762.0	2473.0	0.29	0.03	2.75	0.02	2.11	285243.0	1.57	1247.0	0.01	0.0	0.14	0.0	0	26412	0
SRR651005	15640256.0	91.0	15369908.0	98.27	91.45	3861250.0	3738365.0	3818326.0	40525.0	613.0	1786.0	0.31	0.02	2.76	0.02	2.13	245397.0	1.57	1593.0	0.01	0.0	0.15	0.0	0	23358	0
SRR651006	27847801.0	92.0	27360594.0	98.25	92.24	7327044.0	7105982.0	7247014.0	75970.0	1339.0	2721.0	0.28	0.02	2.72	0.02	2.06	444640.0	1.6	2118.0	0.01	0.0	0.14	0.0	0	40449	0
SRR651007	23741503.0	92.0	23335767.0	98.29	92.05	6153552.0	5964252.0	6084883.0	65305.0	1033.0	2331.0	0.27	0.02	2.64	0.01	1.97	370685.0	1.56	1775.0	0.01	0.0	0.14	0.0	0	33276	0
SRR651008	24079444.0	96.0	23670332.0	98.3	96.05	6455254.0	6258261.0	6384104.0	67345.0	1129.0	2676.0	0.3	0.02	2.77	0.02	2.05	373017.0	1.55	2542.0	0.01	0.0	0.14	0.0	0	33553	0
SRR651009	25832153.0	92.0	25402143.0	98.34	92.39	6807212.0	6594056.0	6731351.0	72360.0	1124.0	2377.0	0.24	0.02	2.64	0.01	1.95	392934.0	1.52	2316.0	0.01	0.0	0.13	0.0	0	34760	0
SRR651010	24011261.0	96.0	23523467.0	97.97	95.98	6463928.0	6264742.0	6390855.0	67319.0	1136.0	4618.0	0.51	0.04	2.84	0.03	2.34	437536.0	1.82	2759.0	0.01	0.0	0.2	0.0	0	47499	0
