Sample	featureCounts_mqc-generalstats-featurecounts-percent_assigned	featureCounts_mqc-generalstats-featurecounts-Assigned	STAR_mqc-generalstats-star-uniquely_mapped_percent	STAR_mqc-generalstats-star-uniquely_mapped	Trimmomatic_mqc-generalstats-trimmomatic-dropped_pct
SRR516201	90.46852356495727	23591865	92.48	25496146.0	2.71
SRR516795	90.05667372400917	27005057	92.19	29239148.0	2.89
SRR516796	90.33756578264676	28798232	92.22	31097736.0	2.75
SRR516797	90.53478305873436	36167066	92.4	39102172.0	3.26
SRR516798	90.09679028285106	25903566	92.1	28069012.0	3.29
SRR516810	90.5857966964838	25507530	92.34	27542850.0	3.24
SRR516812	89.70251628775586	24874950	91.82	26935530.0	2.87
SRR516813	90.53047585163362	25231557	92.57	27235374.0	2.8
SRR516814	90.09596542035189	27171844	92.49	29459527.0	2.74
SRR516815	88.05951252335255	35068188	91.4	38445276.0	3.3
SRR516816	86.85535040617037	23106128	89.29	24969584.0	2.41
SRR516817	89.18856044200237	25847594	91.96	27974158.0	2.39
SRR516818	89.40269122185451	23257799	92.02	25280364.0	2.24
SRR611202	89.78001354527103	25083550	92.21	27155309.0	2.45
SRR611203	89.34530594064447	23621028	91.89	25572205.0	2.51
SRR611204	90.22185713642847	28730213	92.18	31127270.0	3.66
SRR611205	90.33267070747216	24292260	92.52	26260375.0	2.37
SRR611206	89.28585069818583	24755203	91.56	26747340.0	2.39
SRR611207	89.93981096258914	27675426	92.19	29908783.0	2.43
SRR611208	90.5759646222956	30025858	92.32	32312741.0	2.98
SRR611209	90.20167153328097	18845865	91.89	20341794.0	2.63
SRR611210	89.45466778209361	28562141	90.91	30615184.0	3.1
SRR611211	89.60190319102463	23637086	91.78	25583082.0	2.82
SRR611212	90.31931865752267	21638062	92.42	23389586.0	2.64
SRR611213	89.93821375545994	22749390	92.19	24634236.0	2.88
SRR611214	90.4971775107851	29099162	92.58	31389142.0	2.73
SRR611215	90.61242550749073	25259233	92.63	27269726.0	3.25
SRR611216	90.7563743373101	29915343	92.85	32280619.0	3.24
SRR611217	90.57982471210943	30805779	92.6	33274017.0	3.25
SRR611218	90.33710228264637	27627450	92.17	29878374.0	3.48
SRR611219	90.52089439465665	26014063	92.76	28110401.0	2.82
SRR611220	90.75678689897902	28514530	92.82	30764019.0	2.82
SRR611221	90.59491984059513	31779772	92.59	34321657.0	2.97
SRR611243	90.75618829256153	27280566	92.78	29410571.0	2.93
SRR611246	90.84064919796629	20138310	92.92	21711489.0	2.63
SRR611247	90.97202432132178	32379044	93.04	34919903.0	2.89
SRR611252	89.33511986058636	25258476	92.12	27499887.0	2.98
SRR611253	89.70025050656783	25643931	91.66	27721360.0	2.79
SRR611259	90.79087819656174	27567380	93.06	29796976.0	2.88
SRR611262	90.44319447898805	25549582	92.55	27629838.0	2.82
SRR611264	90.16103709334054	23071150	92.42	25008384.0	2.86
SRR611265	90.43157970000384	26889029	92.76	29107171.0	2.71
SRR611266	90.40917673837421	30793079	92.17	33308987.0	3.63
SRR611268	90.0580479147652	23865697	91.86	25860611.0	3.32
SRR611269	89.6058075490524	26833839	91.22	28940418.0	2.84
SRR611270	90.15069256774744	35216380	91.87	38065788.0	3.38
SRR611271	89.87341483349381	30331501	91.79	32871308.0	3.34
SRR611272	90.5108592430892	18096724	92.13	19530060.0	3.3
SRR611273	90.41397949889209	25271238	92.33	27331101.0	3.15
SRR611274	88.95748129051299	26428371	90.87	28634981.0	3.28
SRR611275	90.70538661029678	26830530	92.82	28951772.0	2.7
SRR611276	89.94084018702326	23754126	92.38	25797428.0	2.65
SRR611277	90.12570920059069	26315713	92.29	28495573.0	2.93
SRR611278	89.49247586428154	22371526	91.51	24171504.0	2.83
SRR611287	90.2306084740616	22732113	92.68	24662424.0	2.45
SRR611288	90.48535262030978	31385934	92.83	33970824.0	2.47
SRR611289	90.01203784105628	29517130	91.81	31936748.0	3.1
SRR611290	90.25390018525958	30106461	92.22	32600108.0	2.97
SRR611291	89.94715316335564	27975154	92.16	30280032.0	2.64
SRR611292	88.71850071991388	23286463	90.62	25184535.0	2.98
SRR611293	90.26779546444733	24725705	92.16	26791464.0	3.63
SRR611294	90.7931833421034	15765322	92.86	17036601.0	2.17
SRR611295	89.83891429057729	29653320	91.62	32135293.0	3.77
SRR611296	89.78972131468427	30179023	91.83	32703694.0	3.58
SRR611297	89.60756936774001	24109930	92.05	26235408.0	2.51
SRR611298	90.93042718929529	28042480	92.4	30221437.0	3.58
SRR611299	89.59024647509867	23768640	91.59	25755614.0	2.55
SRR611300	90.11741189851212	25194935	92.05	27224114.0	3.08
SRR611301	88.92778525462057	26728586	91.19	28938889.0	2.97
SRR611302	90.32648246101891	32581558	92.21	35294867.0	3.65
SRR611303	89.8576712593959	27473912	91.74	29727621.0	2.71
SRR611304	89.19094447241436	27900375	91.35	30184387.0	2.74
SRR611305	84.92066255961758	24945741	87.08	27071743.0	2.77
SRR611306	80.14763179213816	14219558	82.19	15417161.0	2.38
SRR611307	89.9639828030685	32154261	91.89	34837524.0	3.87
SRR611308	89.56371415150801	27889871	91.3	30209989.0	3.75
SRR611309	90.25746420504728	25394795	91.99	27457391.0	3.78
SRR611310	89.67243859651575	27593046	91.65	29926674.0	3.68
SRR611311	89.64908546418452	33024420	91.78	35836125.0	2.75
SRR611312	89.62450976051315	16294780	91.59	17676656.0	3.75
SRR611313	89.87225918614725	25508109	91.85	27531837.0	2.7
SRR611314	89.95691729447788	25863704	91.51	27907962.0	2.58
SRR611315	89.08539570631042	29441387	91.29	31931733.0	2.6
SRR611316	89.62516903265004	26801498	91.57	29042317.0	3.42
SRR611317	89.33470621510281	24677503	91.3	26706169.0	2.72
SRR611318	90.77798983591788	27196916	92.66	29388640.0	3.39
SRR611319	89.97619725189806	26106339	92.09	28337639.0	3.38
SRR611320	90.27082084404293	23662201	92.22	25633275.0	3.38
SRR611321	90.44751583522276	27355919	92.21	29571500.0	3.32
SRR611322	89.95307848813098	26083060	92.0	28294465.0	3.4
SRR611323	83.69841365404969	24732025	85.84	26786690.0	2.88
SRR611324	90.17920189012432	33383767	92.33	36215157.0	3.43
SRR611325	89.15939670326063	32510946	91.05	35162766.0	2.92
SRR611326	89.98834824469155	29512504	91.87	31852656.0	2.88
SRR611327	90.14637416836904	19756995	92.15	21413587.0	3.35
SRR611328	90.30244319254953	16968314	91.93	18308968.0	3.47
SRR611329	90.63336649250869	30391359	92.25	32788122.0	3.71
SRR611330	90.50870179047511	25839494	92.28	27922083.0	3.85
SRR611331	90.05608544627475	26551441	91.92	28642410.0	2.88
SRR611332	90.36698838441053	28065403	92.14	30339173.0	3.58
SRR611333	89.07605668114633	22728456	91.21	24668851.0	3.66
SRR611334	90.05463979733011	29596343	92.03	32065177.0	3.68
SRR611335	90.12062464478426	27528766	92.04	29785325.0	3.33
SRR611336	90.003217485133	19695900	91.79	21310002.0	2.54
SRR611337	90.32826671969659	16179507	92.53	17487934.0	2.62
SRR611338	91.00407946978353	24853812	93.09	26819660.0	3.38
SRR611339	89.55232461631324	26791120	91.04	29002650.0	2.89
SRR650904	92.28573382532414	19634219	98.33	21244269.0	1.4
SRR650905	92.16824819892808	22495626	98.31	24368966.0	1.46
SRR650906	92.25042405263787	30084807	98.24	32562974.0	1.72
SRR650907	92.41283957796311	23901740	98.27	25822682.0	1.41
SRR650908	92.05554353692662	21497396	98.21	23315633.0	1.73
SRR650909	92.31506512592155	21098850	98.56	22831751.0	1.77
SRR650910	92.40694110263128	21165869	98.22	22869119.0	1.71
SRR650911	92.13893053696799	20599169	98.29	22321306.0	1.45
SRR650912	92.4392768602	20886931	98.3	22561404.0	1.5
SRR650913	91.99916269717806	22502526	98.32	24423120.0	1.48
SRR650914	92.31912068141459	19006439	98.36	20557480.0	1.26
SRR650915	92.15247033326733	21362500	98.4	23147727.0	1.27
SRR650916	91.79114014975701	19097915	98.29	20773385.0	1.17
SRR650917	92.14910679796172	20615788	98.34	22340105.0	1.32
SRR650918	92.12185152281045	19469349	98.41	21105336.0	1.34
SRR650919	91.01464155430993	28678628	98.29	31453783.0	1.33
SRR650920	92.05894371641126	24080564	98.3	26119369.0	1.91
SRR650921	92.3316026870704	20081649	98.32	21715207.0	1.29
SRR650922	92.33124341347124	20316745	98.34	21970655.0	1.29
SRR650923	92.33902236344976	22617341	98.31	24456794.0	1.31
SRR650924	92.64252255095066	24919788	98.34	26860146.0	1.52
SRR650925	92.46664142338398	29399396	98.2	31740417.0	2.96
SRR650926	93.1110201695503	23585081	98.32	25290572.0	1.63
SRR650927	92.24620374663719	30885897	98.19	33424654.0	2.88
SRR650928	92.25827733483037	25347541	98.35	27436139.0	2.94
SRR650929	92.19849612742244	19502002	98.28	21116750.0	1.51
SRR650930	92.29782881553786	17910294	98.28	19373089.0	1.43
SRR650931	91.99519637870341	18844032	98.23	20447295.0	1.89
SRR650932	92.12786566666843	18833917	98.3	20412618.0	1.53
SRR650933	92.50848942659341	24039121	98.29	25947192.0	1.46
SRR650934	92.394421782417	20887679	98.29	22573590.0	1.75
SRR650935	92.42770017845096	24852534	98.35	26851211.0	1.74
SRR650936	92.33413910615319	25526625	98.31	27605862.0	1.75
SRR650937	92.22710795512953	23147178	98.3	25060025.0	1.8
SRR650938	92.29292351699885	21645739	98.38	23421098.0	1.51
SRR650939	92.44422826511017	23719072	98.37	25622537.0	1.51
SRR650940	92.3815030496644	26316328	98.28	28445970.0	1.57
SRR650941	92.51425537912512	22629047	98.35	24426157.0	1.57
SRR650942	92.50093425133763	16757571	98.36	18090572.0	1.4
SRR650943	92.46453329244389	26967111	98.38	29125908.0	1.57
SRR650944	91.62228810829801	21061974	98.41	22955603.0	1.58
SRR650945	92.33635097965796	21081858	98.21	22794359.0	1.5
SRR650946	92.21599388973026	22956694	98.39	24862335.0	1.53
SRR650947	92.24203847775067	21189628	98.31	22938824.0	1.49
SRR650948	92.02805880950345	19077839	98.27	20698174.0	1.52
SRR650949	92.17425644604917	22334427	98.33	24195391.0	1.43
SRR650950	92.183667010493	25827145	98.27	27974385.0	1.89
SRR650951	92.10710044495586	19864194	98.21	21531442.0	1.73
SRR650952	92.54859357317925	22081901	98.2	23819215.0	1.47
SRR650953	92.32136471304699	29464298	98.26	31863699.0	1.76
SRR650954	92.37783677795592	26698332	98.35	28858530.0	1.48
SRR650955	92.04884208329159	25401306	98.29	27551696.0	1.72
SRR650956	92.48333956645669	15213280	98.26	16424444.0	1.67
SRR650957	92.20837128416935	21209078	98.34	22968694.0	1.63
SRR650958	92.1133072162388	22133166	98.24	23986231.0	1.69
SRR650959	92.42278863622761	22329806	98.36	24126939.0	1.41
SRR650960	91.88620625238889	19748868	98.31	21460192.0	1.38
SRR650961	92.11839320404134	21871718	98.31	23708250.0	1.49
SRR650962	92.26407453410258	18677489	98.36	20213124.0	1.42
SRR650963	91.91590347159917	18875781	98.27	20507039.0	1.26
SRR650964	92.1500913652038	26137627	98.32	28324699.0	1.28
SRR650965	92.21274187912692	24754529	98.3	26806546.0	1.59
SRR650966	92.10880656651015	24944370	98.28	27038886.0	1.52
SRR650967	92.11462888770369	23564827	98.41	25546400.0	1.34
SRR650968	92.24704478772263	19327099	98.24	20915081.0	1.48
SRR650969	92.03393122352995	20802770	98.28	22569054.0	1.89
SRR650970	92.32257650848038	13131642	98.33	14203641.0	1.13
SRR650971	92.11618945122088	24505131	98.19	26559180.0	1.95
SRR650972	92.04743555433213	25025588	98.26	27146080.0	1.85
SRR650973	91.65918906468339	20177413	98.33	21979598.0	1.29
SRR650974	92.55938879688748	23486583	98.3	25337689.0	1.87
SRR650975	92.11855600743495	19805566	98.27	21464613.0	1.3
SRR650976	92.29110120372923	20891309	98.29	22602908.0	1.51
SRR650977	92.06310523125588	22261727	98.33	24142382.0	1.51
SRR650978	92.07811991671218	27295369	98.28	29597710.0	1.91
SRR650979	92.19534889113692	22900860	98.29	24800549.0	1.44
SRR650980	92.23310969722867	23347514	98.38	25275741.0	1.45
SRR650981	91.97310572639066	20864489	98.25	22635885.0	1.44
SRR650982	92.01410369127876	11787510	98.13	12765681.0	1.13
SRR650983	92.06023055340742	26906346	98.32	29183663.0	2.01
SRR650984	92.14762530109375	23122693	98.18	25049479.0	1.93
SRR650985	92.32759625897691	21188670	98.24	22912187.0	1.96
SRR650986	91.9991531357258	23039324	98.27	25004020.0	1.9
SRR650987	92.08619661304394	24695027	98.26	26775077.0	1.9
SRR650988	91.96177553819236	27569915	98.29	29931980.0	1.47
SRR650989	92.06115509570253	13673894	98.23	14826805.0	1.9
SRR650990	92.42713688301306	21317808	98.36	23029549.0	1.41
SRR650991	92.49225764096003	21586300	98.29	23301331.0	1.36
SRR650992	91.94306876588622	24733296	98.36	26862185.0	1.38
SRR650993	92.09097587371564	22411899	98.24	24295896.0	1.75
SRR650994	92.21415406308137	20529982	98.25	22227584.0	1.45
SRR650995	92.26891077924186	22902703	98.35	24787532.0	1.74
SRR650996	91.88080354658136	21840316	98.29	23735258.0	1.74
SRR650997	92.08963555192369	19788953	98.3	21455715.0	1.71
SRR650998	92.3038913148659	22856992	98.3	24724923.0	1.66
SRR650999	91.97561758187274	21823144	98.28	23691672.0	1.71
SRR651000	92.10676949526822	20530633	98.14	22228755.0	1.42
SRR651001	91.93271142872807	27988196	98.31	30398274.0	1.73
SRR651002	92.2482684159559	27183550	98.29	29419640.0	1.53
SRR651003	92.45394384930842	24360318	98.28	26308805.0	1.42
SRR651004	92.09245210550301	16503508	98.28	17892928.0	1.69
SRR651005	92.53371531366412	14245435	98.27	15369908.0	1.72
SRR651006	92.45455661118804	25335471	98.25	27360594.0	1.92
SRR651007	92.30151464959421	21571619	98.29	23335767.0	1.99
SRR651008	92.51138942194873	21931145	98.3	23670332.0	1.48
SRR651009	92.27075721153231	23472960	98.34	25402143.0	1.85
SRR651010	92.32998179116792	21765616	97.97	23523467.0	1.48
