Sample	Total	Assigned	Unassigned_Unmapped	Unassigned_MappingQuality	Unassigned_Chimera	Unassigned_FragmentLength	Unassigned_Duplicate	Unassigned_MultiMapping	Unassigned_Secondary	Unassigned_Nonjunction	Unassigned_NoFeatures	Unassigned_Overlapping_Length	Unassigned_Ambiguity	percent_assigned
SRR516201	26077429	23591865	581283	0	0	0	0	0	0	0	1563533	0	340748	90.46852356495727
SRR516795	29986736	27005057	747588	0	0	0	0	0	0	0	1853586	0	380505	90.05667372400917
SRR516796	31878468	28798232	780732	0	0	0	0	0	0	0	1882833	0	416671	90.33756578264676
SRR516797	39948255	36167066	846083	0	0	0	0	0	0	0	2436514	0	498592	90.53478305873436
SRR516798	28750820	25903566	681808	0	0	0	0	0	0	0	1800384	0	365062	90.09679028285106
SRR516810	28158421	25507530	615571	0	0	0	0	0	0	0	1681282	0	354038	90.5857966964838
SRR516812	27730493	24874950	794963	0	0	0	0	0	0	0	1705000	0	355580	89.70251628775586
SRR516813	27870788	25231557	635414	0	0	0	0	0	0	0	1645838	0	357979	90.53047585163362
SRR516814	30158780	27171844	699253	0	0	0	0	0	0	0	1885991	0	401692	90.09596542035189
SRR516815	39823282	35068188	1378006	0	0	0	0	0	0	0	2895364	0	481724	88.05951252335255
SRR516816	26602999	23106128	1633415	0	0	0	0	0	0	0	1541353	0	322103	86.85535040617037
SRR516817	28980840	25847594	1006682	0	0	0	0	0	0	0	1699906	0	426658	89.18856044200237
SRR516818	26014652	23257799	734288	0	0	0	0	0	0	0	1687841	0	334724	89.40269122185451
SRR611202	27938902	25083550	783593	0	0	0	0	0	0	0	1711004	0	360755	89.78001354527103
SRR611203	26437906	23621028	865701	0	0	0	0	0	0	0	1614091	0	337086	89.34530594064447
SRR611204	31843961	28730213	716691	0	0	0	0	0	0	0	2006752	0	390305	90.22185713642847
SRR611205	26891998	24292260	631623	0	0	0	0	0	0	0	1619293	0	348822	90.33267070747216
SRR611206	27725785	24755203	978445	0	0	0	0	0	0	0	1626409	0	365728	89.28585069818583
SRR611207	30771052	27675426	862269	0	0	0	0	0	0	0	1825799	0	407558	89.93981096258914
SRR611208	33149918	30025858	837177	0	0	0	0	0	0	0	1865679	0	421204	90.5759646222956
SRR611209	20893033	18845865	551239	0	0	0	0	0	0	0	1236650	0	259279	90.20167153328097
SRR611210	31929179	28562141	1313995	0	0	0	0	0	0	0	1665878	0	387165	89.45466778209361
SRR611211	26380116	23637086	797034	0	0	0	0	0	0	0	1605096	0	340900	89.60190319102463
SRR611212	23957291	21638062	567705	0	0	0	0	0	0	0	1438714	0	312810	90.31931865752267
SRR611213	25294465	22749390	660229	0	0	0	0	0	0	0	1550795	0	334051	89.93821375545994
SRR611214	32154773	29099162	765631	0	0	0	0	0	0	0	1848984	0	440996	90.4971775107851
SRR611215	27876125	25259233	606399	0	0	0	0	0	0	0	1654280	0	356213	90.61242550749073
SRR611216	32962250	29915343	681631	0	0	0	0	0	0	0	1930868	0	434408	90.7563743373101
SRR611217	34009537	30805779	735520	0	0	0	0	0	0	0	2035960	0	432278	90.57982471210943
SRR611218	30582617	27627450	704243	0	0	0	0	0	0	0	1874517	0	376407	90.33710228264637
SRR611219	28738186	26014063	627785	0	0	0	0	0	0	0	1714080	0	382258	90.52089439465665
SRR611220	31418620	28514530	654601	0	0	0	0	0	0	0	1836704	0	412785	90.75678689897902
SRR611221	35078978	31779772	757321	0	0	0	0	0	0	0	2085710	0	456175	90.59491984059513
SRR611243	30059180	27280566	648609	0	0	0	0	0	0	0	1741397	0	388608	90.75618829256153
SRR611246	22168831	20138310	457342	0	0	0	0	0	0	0	1278290	0	294889	90.84064919796629
SRR611247	35592309	32379044	672406	0	0	0	0	0	0	0	2086023	0	454836	90.97202432132178
SRR611252	28273848	25258476	773961	0	0	0	0	0	0	0	1863410	0	378001	89.33511986058636
SRR611253	28588472	25643931	867112	0	0	0	0	0	0	0	1706535	0	370894	89.70025050656783
SRR611259	30363601	27567380	566625	0	0	0	0	0	0	0	1845784	0	383812	90.79087819656174
SRR611262	28249314	25549582	619476	0	0	0	0	0	0	0	1723780	0	356476	90.44319447898805
SRR611264	25588825	23071150	580441	0	0	0	0	0	0	0	1623460	0	313774	90.16103709334054
SRR611265	29734114	26889029	626943	0	0	0	0	0	0	0	1841636	0	376506	90.43157970000384
SRR611266	34059683	30793079	750696	0	0	0	0	0	0	0	2092308	0	423600	90.40917673837421
SRR611268	26500349	23865697	639738	0	0	0	0	0	0	0	1661492	0	333422	90.0580479147652
SRR611269	29946540	26833839	1006122	0	0	0	0	0	0	0	1727886	0	378693	89.6058075490524
SRR611270	39063904	35216380	998116	0	0	0	0	0	0	0	2366588	0	482820	90.15069256774744
SRR611271	33749136	30331501	877828	0	0	0	0	0	0	0	2097856	0	441951	89.87341483349381
SRR611272	19993981	18096724	463921	0	0	0	0	0	0	0	1168775	0	264561	90.5108592430892
SRR611273	27950587	25271238	619486	0	0	0	0	0	0	0	1708237	0	351626	90.41397949889209
SRR611274	29708992	26428371	1074011	0	0	0	0	0	0	0	1843168	0	363442	88.95748129051299
SRR611275	29579864	26830530	628092	0	0	0	0	0	0	0	1745916	0	375326	90.70538661029678
SRR611276	26410834	23754126	613406	0	0	0	0	0	0	0	1708080	0	335222	89.94084018702326
SRR611277	29198897	26315713	703324	0	0	0	0	0	0	0	1799037	0	380823	90.12570920059069
SRR611278	24998220	22371526	826716	0	0	0	0	0	0	0	1480416	0	319562	89.49247586428154
SRR611287	25193350	22732113	530926	0	0	0	0	0	0	0	1609467	0	320844	90.2306084740616
SRR611288	34686204	31385934	715380	0	0	0	0	0	0	0	2124119	0	460771	90.48535262030978
SRR611289	32792425	29517130	855677	0	0	0	0	0	0	0	2010592	0	409026	90.01203784105628
SRR611290	33357518	30106461	757410	0	0	0	0	0	0	0	2087574	0	406073	90.25390018525958
SRR611291	31101767	27975154	821735	0	0	0	0	0	0	0	1905765	0	399113	89.94715316335564
SRR611292	26247584	23286463	1063049	0	0	0	0	0	0	0	1575535	0	322537	88.71850071991388
SRR611293	27391502	24725705	600038	0	0	0	0	0	0	0	1737481	0	328278	90.26779546444733
SRR611294	17363993	15765322	327392	0	0	0	0	0	0	0	1052984	0	218295	90.7931833421034
SRR611295	33007211	29653320	871918	0	0	0	0	0	0	0	2062208	0	419765	89.83891429057729
SRR611296	33610777	30179023	907083	0	0	0	0	0	0	0	2104185	0	420486	89.78972131468427
SRR611297	26906131	24109930	670723	0	0	0	0	0	0	0	1782116	0	343362	89.60756936774001
SRR611298	30839490	28042480	618053	0	0	0	0	0	0	0	1804722	0	374235	90.93042718929529
SRR611299	26530388	23768640	774774	0	0	0	0	0	0	0	1653458	0	333516	89.59024647509867
SRR611300	27957899	25194935	733785	0	0	0	0	0	0	0	1669562	0	359617	90.11741189851212
SRR611301	30056507	26728586	1117618	0	0	0	0	0	0	0	1833270	0	377033	88.92778525462057
SRR611302	36070881	32581558	776014	0	0	0	0	0	0	0	2258239	0	455070	90.32648246101891
SRR611303	30574921	27473912	847300	0	0	0	0	0	0	0	1874504	0	379205	89.8576712593959
SRR611304	31281623	27900375	1097236	0	0	0	0	0	0	0	1896180	0	387832	89.19094447241436
SRR611305	29375349	24945741	2303606	0	0	0	0	0	0	0	1769960	0	356042	84.92066255961758
SRR611306	17741707	14219558	2324546	0	0	0	0	0	0	0	993570	0	204033	80.14763179213816
SRR611307	35741260	32154261	903736	0	0	0	0	0	0	0	2233203	0	450060	89.9639828030685
SRR611308	31139699	27889871	929710	0	0	0	0	0	0	0	1931396	0	388722	89.56371415150801
SRR611309	28135950	25394795	678559	0	0	0	0	0	0	0	1695338	0	367258	90.25746420504728
SRR611310	30770933	27593046	844259	0	0	0	0	0	0	0	1942904	0	390724	89.67243859651575
SRR611311	36837431	33024420	1001306	0	0	0	0	0	0	0	2332314	0	479391	89.64908546418452
SRR611312	18181165	16294780	504509	0	0	0	0	0	0	0	1135448	0	246428	89.62450976051315
SRR611313	28382628	25508109	850791	0	0	0	0	0	0	0	1660984	0	362744	89.87225918614725
SRR611314	28751212	25863704	843250	0	0	0	0	0	0	0	1704110	0	340148	89.95691729447788
SRR611315	33048500	29441387	1116767	0	0	0	0	0	0	0	2067433	0	422913	89.08539570631042
SRR611316	29903986	26801498	861669	0	0	0	0	0	0	0	1858174	0	382645	89.62516903265004
SRR611317	27623646	24677503	917477	0	0	0	0	0	0	0	1678296	0	350370	89.33470621510281
SRR611318	29959813	27196916	571173	0	0	0	0	0	0	0	1807453	0	384271	90.77798983591788
SRR611319	29014717	26106339	677078	0	0	0	0	0	0	0	1863091	0	368209	89.97619725189806
SRR611320	26212458	23662201	579183	0	0	0	0	0	0	0	1642265	0	328809	90.27082084404293
SRR611321	30245075	27355919	673575	0	0	0	0	0	0	0	1833481	0	382100	90.44751583522276
SRR611322	28996295	26083060	701830	0	0	0	0	0	0	0	1835441	0	375964	89.95307848813098
SRR611323	29548977	24732025	2762287	0	0	0	0	0	0	0	1707623	0	347042	83.69841365404969
SRR611324	37019364	33383767	804207	0	0	0	0	0	0	0	2363678	0	467712	90.17920189012432
SRR611325	36463847	32510946	1301081	0	0	0	0	0	0	0	2181189	0	470631	89.15939670326063
SRR611326	32795917	29512504	943261	0	0	0	0	0	0	0	1934666	0	405486	89.98834824469155
SRR611327	21916572	19756995	502985	0	0	0	0	0	0	0	1369032	0	287560	90.14637416836904
SRR611328	18790537	16968314	481569	0	0	0	0	0	0	0	1104094	0	236560	90.30244319254953
SRR611329	33532197	30391359	744075	0	0	0	0	0	0	0	1975115	0	421648	90.63336649250869
SRR611330	28549182	25839494	627099	0	0	0	0	0	0	0	1721236	0	361353	90.50870179047511
SRR611331	29483228	26551441	840818	0	0	0	0	0	0	0	1718281	0	372688	90.05608544627475
SRR611332	31057141	28065403	717968	0	0	0	0	0	0	0	1888698	0	385072	90.36698838441053
SRR611333	25515786	22728456	846935	0	0	0	0	0	0	0	1593803	0	346592	89.07605668114633
SRR611334	32864873	29596343	799696	0	0	0	0	0	0	0	2062067	0	406767	90.05463979733011
SRR611335	30546577	27528766	761252	0	0	0	0	0	0	0	1869484	0	387075	90.12062464478426
SRR611336	21883551	19695900	573549	0	0	0	0	0	0	0	1333961	0	280141	90.003217485133
SRR611337	17911898	16179507	423964	0	0	0	0	0	0	0	1070893	0	237534	90.32826671969659
SRR611338	27310657	24853812	490997	0	0	0	0	0	0	0	1608148	0	357700	91.00407946978353
SRR611339	29916722	26791120	914072	0	0	0	0	0	0	0	1841543	0	369987	89.55232461631324
SRR650904	21275465	19634219	31196	0	0	0	0	0	0	0	1321590	0	288460	92.28573382532414
SRR650905	24407132	22495626	38166	0	0	0	0	0	0	0	1552670	0	320670	92.16824819892808
SRR650906	32612107	30084807	49133	0	0	0	0	0	0	0	2053290	0	424877	92.25042405263787
SRR650907	25864090	23901740	41408	0	0	0	0	0	0	0	1572063	0	348879	92.41283957796311
SRR650908	23352636	21497396	37003	0	0	0	0	0	0	0	1510139	0	308098	92.05554353692662
SRR650909	22855262	21098850	23511	0	0	0	0	0	0	0	1422019	0	310882	92.31506512592155
SRR650910	22905064	21165869	35945	0	0	0	0	0	0	0	1403560	0	299690	92.40694110263128
SRR650911	22356640	20599169	35334	0	0	0	0	0	0	0	1423989	0	298148	92.13893053696799
SRR650912	22595299	20886931	33895	0	0	0	0	0	0	0	1373101	0	301372	92.4392768602
SRR650913	24459490	22502526	36370	0	0	0	0	0	0	0	1580662	0	339932	91.99916269717806
SRR650914	20587760	19006439	30280	0	0	0	0	0	0	0	1282680	0	268361	92.31912068141459
SRR650915	23181690	21362500	33963	0	0	0	0	0	0	0	1422299	0	362928	92.15247033326733
SRR650916	20805837	19097915	32452	0	0	0	0	0	0	0	1393612	0	281858	91.79114014975701
SRR650917	22372206	20615788	32101	0	0	0	0	0	0	0	1422042	0	302275	92.14910679796172
SRR650918	21134344	19469349	29008	0	0	0	0	0	0	0	1354294	0	281693	92.12185152281045
SRR650919	31509906	28678628	56123	0	0	0	0	0	0	0	2385014	0	390141	91.01464155430993
SRR650920	26157767	24080564	38398	0	0	0	0	0	0	0	1704850	0	333955	92.05894371641126
SRR650921	21749486	20081649	34279	0	0	0	0	0	0	0	1340864	0	292694	92.3316026870704
SRR650922	22004193	20316745	33538	0	0	0	0	0	0	0	1347392	0	306518	92.33124341347124
SRR650923	24493806	22617341	37012	0	0	0	0	0	0	0	1501343	0	338110	92.33902236344976
SRR650924	26898866	24919788	38720	0	0	0	0	0	0	0	1581137	0	359221	92.64252255095066
SRR650925	31794597	29399396	54180	0	0	0	0	0	0	0	1928961	0	412060	92.46664142338398
SRR650926	25330064	23585081	39492	0	0	0	0	0	0	0	1376687	0	328804	93.1110201695503
SRR650927	33482025	30885897	57371	0	0	0	0	0	0	0	2092381	0	446376	92.24620374663719
SRR650928	27474544	25347541	38405	0	0	0	0	0	0	0	1710414	0	378184	92.25827733483037
SRR650929	21152191	19502002	35441	0	0	0	0	0	0	0	1331652	0	283096	92.19849612742244
SRR650930	19404892	17910294	31803	0	0	0	0	0	0	0	1200700	0	262095	92.29782881553786
SRR650931	20483713	18844032	36418	0	0	0	0	0	0	0	1313473	0	289790	91.99519637870341
SRR650932	20443236	18833917	30618	0	0	0	0	0	0	0	1296627	0	282074	92.12786566666843
SRR650933	25985854	24039121	38662	0	0	0	0	0	0	0	1537514	0	370557	92.50848942659341
SRR650934	22607078	20887679	33488	0	0	0	0	0	0	0	1383726	0	302185	92.394421782417
SRR650935	26888621	24852534	37410	0	0	0	0	0	0	0	1635034	0	363643	92.42770017845096
SRR650936	27645923	25526625	40061	0	0	0	0	0	0	0	1712139	0	367098	92.33413910615319
SRR650937	25098020	23147178	37995	0	0	0	0	0	0	0	1591740	0	321107	92.22710795512953
SRR650938	23453303	21645739	32205	0	0	0	0	0	0	0	1455284	0	320075	92.29292351699885
SRR650939	25657710	23719072	35173	0	0	0	0	0	0	0	1556491	0	346974	92.44422826511017
SRR650940	28486577	26316328	40607	0	0	0	0	0	0	0	1743407	0	386235	92.3815030496644
SRR650941	24460065	22629047	33908	0	0	0	0	0	0	0	1468290	0	328820	92.51425537912512
SRR650942	18116110	16757571	25538	0	0	0	0	0	0	0	1082866	0	250135	92.50093425133763
SRR650943	29164816	26967111	38908	0	0	0	0	0	0	0	1771588	0	387209	92.46453329244389
SRR650944	22987828	21061974	32225	0	0	0	0	0	0	0	1572427	0	321202	91.62228810829801
SRR650945	22831591	21081858	37232	0	0	0	0	0	0	0	1402056	0	310445	92.33635097965796
SRR650946	24894482	22956694	32147	0	0	0	0	0	0	0	1580956	0	324685	92.21599388973026
SRR650947	22971769	21189628	32945	0	0	0	0	0	0	0	1446447	0	302749	92.24203847775067
SRR650948	20730459	19077839	32285	0	0	0	0	0	0	0	1358083	0	262252	92.02805880950345
SRR650949	24230656	22334427	35265	0	0	0	0	0	0	0	1542056	0	318908	92.17425644604917
SRR650950	28017051	25827145	42666	0	0	0	0	0	0	0	1783083	0	364157	92.183667010493
SRR650951	21566409	19864194	34967	0	0	0	0	0	0	0	1387649	0	279599	92.10710044495586
SRR650952	23859791	22081901	40576	0	0	0	0	0	0	0	1421042	0	316272	92.54859357317925
SRR650953	31914929	29464298	51230	0	0	0	0	0	0	0	1991149	0	408252	92.32136471304699
SRR650954	28901231	26698332	42701	0	0	0	0	0	0	0	1776036	0	384162	92.37783677795592
SRR650955	27595465	25401306	43769	0	0	0	0	0	0	0	1777654	0	372736	92.04884208329159
SRR650956	16449752	15213280	25308	0	0	0	0	0	0	0	983456	0	227708	92.48333956645669
SRR650957	23001250	21209078	32556	0	0	0	0	0	0	0	1458326	0	301290	92.20837128416935
SRR650958	24028196	22133166	41965	0	0	0	0	0	0	0	1546275	0	306790	92.1133072162388
SRR650959	24160498	22329806	33559	0	0	0	0	0	0	0	1480739	0	316394	92.42278863622761
SRR650960	21492745	19748868	32553	0	0	0	0	0	0	0	1427012	0	284312	91.88620625238889
SRR650961	23743052	21871718	34802	0	0	0	0	0	0	0	1513615	0	322917	92.11839320404134
SRR650962	20243512	18677489	30388	0	0	0	0	0	0	0	1265479	0	270156	92.26407453410258
SRR650963	20535925	18875781	28886	0	0	0	0	0	0	0	1359447	0	271811	91.91590347159917
SRR650964	28364190	26137627	39491	0	0	0	0	0	0	0	1793398	0	393674	92.1500913652038
SRR650965	26845020	24754529	38474	0	0	0	0	0	0	0	1701711	0	350306	92.21274187912692
SRR650966	27081417	24944370	42531	0	0	0	0	0	0	0	1752673	0	341843	92.10880656651015
SRR650967	25582068	23564827	35668	0	0	0	0	0	0	0	1640326	0	341247	92.11462888770369
SRR650968	20951456	19327099	36375	0	0	0	0	0	0	0	1315050	0	272932	92.24704478772263
SRR650969	22603370	20802770	34316	0	0	0	0	0	0	0	1484376	0	281908	92.03393122352995
SRR650970	14223652	13131642	20011	0	0	0	0	0	0	0	887167	0	184832	92.32257650848038
SRR650971	26602415	24505131	43235	0	0	0	0	0	0	0	1699860	0	354189	92.11618945122088
SRR650972	27187708	25025588	41628	0	0	0	0	0	0	0	1765710	0	354782	92.04743555433213
SRR650973	22013519	20177413	33921	0	0	0	0	0	0	0	1507087	0	295098	91.65918906468339
SRR650974	25374609	23486583	36920	0	0	0	0	0	0	0	1533047	0	318059	92.55938879688748
SRR650975	21500083	19805566	35470	0	0	0	0	0	0	0	1377120	0	281927	92.11855600743495
SRR650976	22636320	20891309	33412	0	0	0	0	0	0	0	1407212	0	304387	92.29110120372923
SRR650977	24180943	22261727	38561	0	0	0	0	0	0	0	1560942	0	319713	92.06310523125588
SRR650978	29643708	27295369	45998	0	0	0	0	0	0	0	1915129	0	387212	92.07811991671218
SRR650979	24839496	22900860	38947	0	0	0	0	0	0	0	1578276	0	321413	92.19534889113692
SRR650980	25313593	23347514	37852	0	0	0	0	0	0	0	1595584	0	332643	92.23310969722867
SRR650981	22685424	20864489	49539	0	0	0	0	0	0	0	1470392	0	301004	91.97310572639066
SRR650982	12810547	11787510	44866	0	0	0	0	0	0	0	806114	0	172057	92.01410369127876
SRR650983	29226894	26906346	43231	0	0	0	0	0	0	0	1894689	0	382628	92.06023055340742
SRR650984	25093097	23122693	43618	0	0	0	0	0	0	0	1602270	0	324516	92.14762530109375
SRR650985	22949444	21188670	37257	0	0	0	0	0	0	0	1410663	0	312854	92.32759625897691
SRR650986	25042974	23039324	38954	0	0	0	0	0	0	0	1635759	0	328937	91.9991531357258
SRR650987	26817295	24695027	42218	0	0	0	0	0	0	0	1737088	0	342962	92.08619661304394
SRR650988	29979755	27569915	47775	0	0	0	0	0	0	0	1956376	0	405689	91.96177553819236
SRR650989	14853055	13673894	26250	0	0	0	0	0	0	0	943672	0	209239	92.06115509570253
SRR650990	23064447	21317808	34898	0	0	0	0	0	0	0	1404875	0	306866	92.42713688301306
SRR650991	23338494	21586300	37163	0	0	0	0	0	0	0	1429558	0	285473	92.49225764096003
SRR650992	26900664	24733296	38479	0	0	0	0	0	0	0	1767928	0	360961	91.94306876588622
SRR650993	24336694	22411899	40798	0	0	0	0	0	0	0	1559118	0	324879	92.09097587371564
SRR650994	22263374	20529982	35790	0	0	0	0	0	0	0	1404526	0	293076	92.21415406308137
SRR650995	24821690	22902703	34158	0	0	0	0	0	0	0	1553111	0	331718	92.26891077924186
SRR650996	23770271	21840316	35013	0	0	0	0	0	0	0	1579611	0	315331	91.88080354658136
SRR650997	21488795	19788953	33080	0	0	0	0	0	0	0	1385685	0	281077	92.08963555192369
SRR650998	24762761	22856992	37838	0	0	0	0	0	0	0	1542490	0	325441	92.3038913148659
SRR650999	23727097	21823144	35425	0	0	0	0	0	0	0	1546412	0	322116	91.97561758187274
SRR651000	22290037	20530633	61282	0	0	0	0	0	0	0	1405335	0	292787	92.10676949526822
SRR651001	30444219	27988196	45945	0	0	0	0	0	0	0	2009401	0	400677	91.93271142872807
SRR651002	29467816	27183550	48176	0	0	0	0	0	0	0	1839421	0	396669	92.2482684159559
SRR651003	26348598	24360318	39793	0	0	0	0	0	0	0	1605902	0	342585	92.45394384930842
SRR651004	17920587	16503508	27659	0	0	0	0	0	0	0	1143677	0	245743	92.09245210550301
SRR651005	15394859	14245435	24951	0	0	0	0	0	0	0	921636	0	202837	92.53371531366412
SRR651006	27403161	25335471	42567	0	0	0	0	0	0	0	1665133	0	359990	92.45455661118804
SRR651007	23370818	21571619	35051	0	0	0	0	0	0	0	1456132	0	308016	92.30151464959421
SRR651008	23706427	21931145	36095	0	0	0	0	0	0	0	1428092	0	311095	92.51138942194873
SRR651009	25439219	23472960	37076	0	0	0	0	0	0	0	1603115	0	326068	92.27075721153231
SRR651010	23573725	21765616	50258	0	0	0	0	0	0	0	1456711	0	301140	92.32998179116792
